1749 1749 20241
0 0 0.300431
0 1 -0.351855
0 2 0.215917
0 3 0.0962141
0 4 0.0962141
0 5 0
0 9 -0.359556
0 10 -0.202938
0 11 0.213591
1 0 -0.351855
1 1 0.25961
1 2 -0.127356
1 3 -0.256571
1 4 -0.127316
1 5 0.0962141
1 9 0.257645
1 10 0.257645
1 11 0
2 0 0.215917
2 1 -0.127356
2 2 0.497915
2 3 -0.129255
2 4 -0.0641423
2 5 0.0962141
2 9 -0.373261
2 10 -0.321606
2 11 0.213591
3 0 0.0962141
3 1 -0.256571
3 2 -0.129255
3 3 0.261549
3 4 -0.129295
3 5 -0.353794
3 15 0.259584
3 16 0.259584
3 17 0
4 0 0.0962141
4 1 -0.127316
4 2 -0.0641423
4 3 -0.129295
4 4 0.49831
4 5 0.218053
4 15 -0.306645
4 16 -0.37847
4 17 0.201308
5 0 0
5 1 0.0962141
5 2 0.0962141
5 3 -0.353794
5 4 0.218053
5 5 0.302764
5 15 -0.18778
5 16 -0.364962
5 17 0.201308
6 6 0.198436
6 7 -0.286402
6 8 -0.0330955
6 15 0.084943
6 16 -0.177973
6 17 -0.135616
6 18 0.178863
6 19 0.178863
6 20 0
7 6 -0.286402
7 7 0.217448
7 8 0.115048
7 15 0
7 16 0.109544
7 17 0.109544
7 18 -0.179609
7 19 -0.241572
7 20 0.164016
8 6 -0.0330955
8 7 0.115048
8 8 0.484731
8 15 0.084943
8 16 -0.127309
8 17 -0.15339
8 18 -0.188757
8 19 -0.33817
8 20 0.164016
9 0 -0.359556
9 1 0.257645
9 2 -0.373261
9 9 0.559481
9 10 -0.00999835
9 11 -0.281782
9 12 -0.17196
9 13 -0.0971981
9 14 0.103675
9 21 0.191313
9 22 0.191313
9 23 0
10 0 -0.202938
10 1 0.257645
10 2 -0.321606
10 9 -0.00999835
10 10 0.383489
10 11 -0.0573676
10 12 0.0871761
10 13 0.0871761
10 14 0
10 21 -0.219235
10 22 -0.228247
10 23 0.233577
11 0 0.213591
11 1 0
11 2 0.213591
11 9 -0.281782
11 10 -0.0573676
11 11 0.598414
11 12 -0.16071
11 13 -0.153005
11 14 0.103675
11 21 -0.295982
11 22 -0.404331
11 23 0.233577
12 9 -0.17196
12 10 0.0871761
12 11 -0.16071
12 12 0.216032
12 13 -0.0621098
12 14 -0.302989
12 24 0.201346
12 25 0.201346
12 26 0
13 9 -0.0971981
13 10 0.0871761
13 11 -0.153005
13 12 -0.0621098
13 13 0.484799
13 14 0.146429
13 24 -0.343567
13 25 -0.249658
13 26 0.195266
14 9 0.103675
14 10 0
14 11 0.103675
14 12 -0.302989
14 13 0.146429
14 14 0.242424
14 24 -0.240405
14 25 -0.239945
14 26 0.195266
15 3 0.259584
15 4 -0.306645
15 5 -0.18778
15 6 0.084943
15 7 0
15 8 0.084943
15 15 0.387878
15 16 -0.0378179
15 17 -0.0204874
15 27 -0.28058
15 28 -0.266356
15 29 0.292657
16 3 0.259584
16 4 -0.37847
16 5 -0.364962
16 6 -0.177973
16 7 0.109544
16 8 -0.127309
16 15 -0.0378179
16 16 0.597858
16 17 -0.289008
16 27 0.209447
16 28 0.209447
16 29 0
17 3 0
17 4 0.201308
17 5 0.201308
17 6 -0.135616
17 7 0.109544
17 8 -0.15339
17 15 -0.0204874
17 16 -0.289008
17 17 0.58369
17 27 -0.343213
17 28 -0.436454
17 29 0.292657
18 6 0.178863
18 7 -0.179609
18 8 -0.188757
18 18 0.15015
18 19 0.109476
18 20 -0.262281
18 30 0.100451
18 31 0.100451
18 32 0
19 6 0.178863
19 7 -0.241572
19 8 -0.33817
19 18 0.109476
19 19 0.572538
19 20 -0.02716
19 30 -0.310772
19 31 -0.0704667
19 32 0.136007
20 6 0
20 7 0.164016
20 8 0.164016
20 18 -0.262281
20 19 -0.02716
20 20 0.131137
20 30 -0.23443
20 31 -0.0625624
20 32 0.136007
21 9 0.191313
21 10 -0.219235
21 11 -0.295982
21 21 0.38435
21 22 0.0272782
21 23 -0.132025
21 33 -0.156903
21 34 -0.163007
21 35 0.172864
21 36 0.099634
21 37 0.099634
21 38 0
22 9 0.191313
22 10 -0.228247
22 11 -0.404331
22 21 0.0272782
22 22 0.484807
22 23 -0.257838
22 33 0.158314
22 34 0.158314
22 35 0
22 36 -0.145985
22 37 -0.140928
22 38 0.165223
23 9 0
23 10 0.233577
23 11 0.233577
23 21 -0.132025
23 22 -0.257838
23 23 0.617777
23 33 -0.249954
23 34 -0.337841
23 35 0.172864
23 36 -0.188808
23 37 -0.248631
23 38 0.165223
24 12 0.201346
24 13 -0.343567
24 14 -0.240405
24 24 0.477727
24 25 0.135994
24 26 -0.050312
24 39 -0.190719
24 40 -0.147298
24 41 0.165618
25 12 0.201346
25 13 -0.249658
25 14 -0.239945
25 24 0.135994
25 25 0.245724
25 26 -0.301264
25 39 0.108094
25 40 0.108094
25 41 0
26 12 0
26 13 0.195266
26 14 0.195266
26 24 -0.050312
26 25 -0.301264
26 26 0.221803
26 39 -0.195943
26 40 -0.222051
26 41 0.165618
27 15 -0.28058
27 16 0.209447
27 17 -0.343213
27 27 0.403762
27 28 0.0924639
27 29 -0.213133
27 30 0.108133
27 31 0
27 32 0.108133
27 42 -0.115815
27 43 -0.112917
27 44 0.151117
28 15 -0.266356
28 16 0.209447
28 17 -0.436454
28 27 0.0924639
28 28 0.471773
28 29 -0.297654
28 30 -0.205833
28 31 0.123911
28 32 0.0208182
28 42 0.147642
28 43 0.147642
28 44 0
29 15 0.292657
29 16 0
29 17 0.292657
29 27 -0.213133
29 28 -0.297654
29 29 0.730667
29 30 -0.318186
29 31 0.123911
29 32 -0.156858
29 42 -0.262173
29 43 -0.335605
29 44 0.151117
30 18 0.100451
30 19 -0.310772
30 20 -0.23443
30 27 0.108133
30 28 -0.205833
30 29 -0.318186
30 30 0.796984
30 31 -0.282067
30 32 -0.307817
30 45 0.329997
30 46 0.329997
30 47 0
31 18 0.100451
31 19 -0.0704667
31 20 -0.0625624
31 27 0
31 28 0.123911
31 29 0.123911
31 30 -0.282067
31 31 0.426091
31 32 0.124995
31 45 -0.282967
31 46 -0.35785
31 47 0.163012
32 18 0
32 19 0.136007
32 20 0.136007
32 27 0.108133
32 28 0.0208182
32 29 -0.156858
32 30 -0.307817
32 31 0.124995
32 32 0.44717
32 45 -0.241762
32 46 -0.423248
32 47 0.163012
33 21 -0.156903
33 22 0.158314
33 23 -0.249954
33 33 0.390767
33 34 -0.0580292
33 35 -0.0846779
33 42 -0.196796
33 43 0.160867
33 44 -0.182936
33 48 0.113301
33 49 0.113301
33 50 0
34 21 -0.163007
34 22 0.158314
34 23 -0.337841
34 33 -0.0580292
34 34 0.472214
34 35 -0.18494
34 42 0.160297
34 43 0
34 44 0.160297
34 48 -0.228712
34 49 -0.0920075
34 50 0.12067
35 21 0.172864
35 22 0
35 23 0.172864
35 33 -0.0846779
35 34 -0.18494
35 35 0.49432
35 42 -0.216981
35 43 0.160867
35 44 -0.281876
35 48 -0.208174
35 49 -0.13768
35 50 0.12067
36 21 0.099634
36 22 -0.145985
36 23 -0.188808
36 36 0.375866
36 37 -0.0751617
36 38 -0.105665
36 39 -0.169412
36 40 0.131533
36 41 -0.16386
36 51 0.123318
36 52 0.123318
36 53 0
37 21 0.099634
37 22 -0.140928
37 23 -0.248631
37 36 -0.0751617
37 37 0.42472
37 38 -0.163387
37 39 0.150701
37 40 0
37 41 0.150701
37 51 -0.164732
37 52 -0.140529
37 53 0.112389
38 21 0
38 22 0.165223
38 23 0.165223
38 36 -0.105665
38 37 -0.163387
38 38 0.450848
38 39 -0.180336
38 40 0.131533
38 41 -0.236746
38 51 -0.151229
38 52 -0.183077
38 53 0.112389
39 24 -0.190719
39 25 0.108094
39 26 -0.195943
39 36 -0.169412
39 37 0.150701
39 38 -0.180336
39 39 0.414606
39 40 -0.0699715
39 41 -0.141925
39 54 0.140189
39 55 0.140189
39 56 0
40 24 -0.147298
40 25 0.108094
40 26 -0.222051
40 36 0.131533
40 37 0
40 38 0.131533
40 39 -0.0699715
40 40 0.3993
40 41 -0.123609
40 54 -0.137615
40 55 -0.189482
40 56 0.12504
41 24 0.165618
41 25 0
41 26 0.165618
41 36 -0.16386
41 37 0.150701
41 38 -0.236746
41 39 -0.141925
41 40 -0.123609
41 41 0.459904
41 54 -0.139716
41 55 -0.255551
41 56 0.12504
42 27 -0.115815
42 28 0.147642
42 29 -0.262173
42 33 -0.196796
42 34 0.160297
42 35 -0.216981
42 42 0.409898
42 43 -0.095377
42 44 -0.0746662
42 57 0.1256
42 58 0.1256
42 59 0
43 27 -0.112917
43 28 0.147642
43 29 -0.335605
43 33 0.160867
43 34 0
43 35 0.160867
43 42 -0.095377
43 43 0.471266
43 44 -0.149783
43 57 -0.215121
43 58 -0.133125
43 59 0.108515
44 27 0.151117
44 28 0
44 29 0.151117
44 33 -0.182936
44 34 0.160297
44 35 -0.281876
44 42 -0.0746662
44 43 -0.149783
44 44 0.454191
44 57 -0.170577
44 58 -0.15817
44 59 0.108515
45 30 0.329997
45 31 -0.282967
45 32 -0.241762
45 45 0.434055
45 46 -0.104028
45 47 0.031187
45 57 0.0977121
45 58 0
45 59 0.0977121
45 60 -0.30632
45 61 -0.277608
45 62 0.235093
46 30 0.329997
46 31 -0.35785
46 32 -0.423248
46 45 -0.104028
46 46 0.647468
46 47 -0.246662
46 57 -0.284826
46 58 0.15265
46 59 -0.152223
46 60 0.225897
46 61 0.225897
46 62 0
47 30 0
47 31 0.163012
47 32 0.163012
47 45 0.031187
47 46 -0.246662
47 47 0.540586
47 57 -0.180674
47 58 0.15265
47 59 -0.130605
47 60 -0.308874
47 61 -0.405654
47 62 0.235093
48 33 0.113301
48 34 -0.228712
48 35 -0.208174
48 48 0.60574
48 49 -0.2083
48 50 -0.188193
48 51 -0.301261
48 52 0.169067
48 53 -0.214033
48 63 0.233689
48 64 0.233689
48 65 0
49 33 0.113301
49 34 -0.0920075
49 35 -0.13768
49 48 -0.2083
49 49 0.421935
49 50 0.0307025
49 51 0.130089
49 52 0
49 53 0.130089
49 63 -0.347015
49 64 -0.232577
49 65 0.198275
50 33 0
50 34 0.12067
50 35 0.12067
50 48 -0.188193
50 49 0.0307025
50 50 0.405631
50 51 -0.153869
50 52 0.169067
50 53 -0.135387
50 63 -0.291526
50 64 -0.269227
50 65 0.198275
51 36 0.123318
51 37 -0.164732
51 38 -0.151229
51 48 -0.301261
51 49 0.130089
51 50 -0.153869
51 51 0.457906
51 52 -0.192586
51 53 -0.0728835
51 66 0.165244
51 67 0.165244
51 68 0
52 36 0.123318
52 37 -0.140529
52 38 -0.183077
52 48 0.169067
52 49 0
52 50 0.169067
52 51 -0.192586
52 52 0.46477
52 53 -0.0809191
52 66 -0.288791
52 67 -0.168462
52 68 0.133384
53 36 0
53 37 0.112389
53 38 0.112389
53 48 -0.214033
53 49 0.130089
53 50 -0.135387
53 51 -0.0728835
53 52 -0.0809191
53 53 0.36411
53 66 -0.198131
53 67 -0.145767
53 68 0.133384
54 39 0.140189
54 40 -0.137615
54 41 -0.139716
54 54 0.108226
54 55 0.0302062
54 56 -0.251858
54 66 0.128352
54 67 0
54 68 0.128352
55 39 0.140189
55 40 -0.189482
55 41 -0.255551
55 54 0.0302062
55 55 0.556253
55 56 0.0372513
55 66 -0.27034
55 67 0.12129
55 68 -0.163681
56 39 0
56 40 0.12504
56 41 0.12504
56 54 -0.251858
56 55 0.0372513
56 56 0.109067
56 66 -0.150771
56 67 0.12129
56 68 -0.108923
57 42 0.1256
57 43 -0.215121
57 44 -0.170577
57 45 0.0977121
57 46 -0.284826
57 47 -0.180674
57 57 0.556008
57 58 -0.2071
57 59 -0.112358
57 69 0.199851
57 70 0.199851
57 71 0
58 42 0.1256
58 43 -0.133125
58 44 -0.15817
58 45 0
58 46 0.15265
58 47 0.15265
58 57 -0.2071
58 58 0.473508
58 59 -0.0120038
58 69 -0.353881
58 70 -0.236667
58 71 0.204907
59 42 0
59 43 0.108515
59 44 0.108515
59 45 0.0977121
59 46 -0.152223
59 47 -0.130605
59 57 -0.112358
59 58 -0.0120038
59 59 0.398185
59 69 -0.262528
59 70 -0.23975
59 71 0.204907
60 45 -0.30632
60 46 0.225897
60 47 -0.308874
60 60 0.332831
60 61 0.191528
60 62 -0.341404
60 72 0.109451
60 73 0.109451
60 74 0
61 45 -0.277608
61 46 0.225897
61 47 -0.405654
61 60 0.191528
61 61 0.504368
61 62 -0.079689
61 72 -0.200513
61 73 -0.142028
61 74 0.196259
62 45 0.235093
62 46 0
62 47 0.235093
62 60 -0.341404
62 61 -0.079689
62 62 0.292965
62 72 -0.249308
62 73 -0.276449
62 74 0.196259
63 48 0.233689
63 49 -0.347015
63 50 -0.291526
63 63 0.498519
63 64 -0.0221827
63 65 -0.231904
63 69 -0.131598
63 70 0.0984605
63 71 -0.135316
63 75 0.168451
63 76 0.168451
63 77 0
64 48 0.233689
64 49 -0.232577
64 50 -0.269227
64 63 -0.0221827
64 64 0.381248
64 65 -0.0854353
64 69 0.100083
64 70 0
64 71 0.100083
64 75 -0.1886
64 76 -0.142762
64 77 0.133711
65 48 0
65 49 0.198275
65 50 0.198275
65 63 -0.231904
65 64 -0.0854353
65 65 0.550954
65 69 -0.12869
65 70 0.0984605
65 71 -0.197871
65 75 -0.244328
65 76 -0.283418
65 77 0.133711
66 51 0.165244
66 52 -0.288791
66 53 -0.198131
66 54 0.128352
66 55 -0.27034
66 56 -0.150771
66 66 0.551295
66 67 -0.159938
66 68 -0.185702
66 78 0.207637
66 79 0.207637
66 80 0
67 51 0.165244
67 52 -0.168462
67 53 -0.145767
67 54 0
67 55 0.12129
67 56 0.12129
67 66 -0.159938
67 67 0.398589
67 68 -0.00301499
67 78 -0.207331
67 79 -0.245076
67 80 0.129668
68 51 0
68 52 0.133384
68 53 0.133384
68 54 0.128352
68 55 -0.163681
68 56 -0.108923
68 66 -0.185702
68 67 -0.00301499
68 68 0.419622
68 78 -0.177026
68 79 -0.299569
68 80 0.129668
69 57 0.199851
69 58 -0.353881
69 59 -0.262528
69 63 -0.131598
69 64 0.100083
69 65 -0.12869
69 69 0.500893
69 70 -0.0127518
69 71 -0.240131
69 81 0.168457
69 82 0.168457
69 83 0
70 57 0.199851
70 58 -0.236667
70 59 -0.23975
70 63 0.0984605
70 64 0
70 65 0.0984605
70 69 -0.0127518
70 70 0.381064
70 71 -0.0900574
70 81 -0.176688
70 82 -0.127252
70 83 0.113491
71 57 0
71 58 0.204907
71 59 0.204907
71 63 -0.135316
71 64 0.100083
71 65 -0.197871
71 69 -0.240131
71 70 -0.0900574
71 71 0.564983
71 81 -0.240322
71 82 -0.276512
71 83 0.113491
72 60 0.109451
72 61 -0.200513
72 62 -0.249308
72 72 0.43006
72 73 -0.0171604
72 74 -0.176541
72 84 -0.0831648
72 85 -0.20077
72 86 0.121295
72 87 0.136828
72 88 0.136828
72 89 0
73 60 0.109451
73 61 -0.142028
73 62 -0.276449
73 72 -0.0171604
73 73 0.402936
73 74 -0.143088
73 84 0.121156
73 85 0.121156
73 86 0
73 87 -0.104937
73 88 -0.194385
73 89 0.130354
74 60 0
74 61 0.196259
74 62 0.196259
74 72 -0.176541
74 73 -0.143088
74 74 0.534792
74 84 -0.108958
74 85 -0.293839
74 86 0.121295
74 87 -0.144292
74 88 -0.305236
74 89 0.130354
75 63 0.168451
75 64 -0.1886
75 65 -0.244328
75 75 0.483507
75 76 -0.121908
75 77 -0.0897881
75 90 0.151993
75 91 0.151993
75 92 0
75 93 -0.224442
75 94 -0.196109
75 95 0.119346
76 63 0.168451
76 64 -0.142762
76 65 -0.283418
76 75 -0.121908
76 76 0.47777
76 77 -0.0825343
76 90 -0.269184
76 91 -0.25957
76 92 0.226032
76 93 0.148618
76 94 0.148618
76 95 0
77 63 0
77 64 0.133711
77 65 0.133711
77 75 -0.0897881
77 76 -0.0825343
77 77 0.452564
77 90 -0.209003
77 91 -0.289936
77 92 0.226032
77 93 -0.161392
77 94 -0.222596
77 95 0.119346
78 66 0.207637
78 67 -0.207331
78 68 -0.177026
78 78 0.447172
78 79 -0.0307059
78 80 0.131663
78 93 -0.308836
78 94 0.169542
78 95 -0.221716
79 66 0.207637
79 67 -0.245076
79 68 -0.299569
79 78 -0.0307059
79 79 0.299808
79 80 -0.332441
79 93 0.205372
79 94 0
79 95 0.205372
80 66 0
80 67 0.129668
80 68 0.129668
80 78 0.131663
80 79 -0.332441
80 80 0.321729
80 93 -0.259916
80 94 0.169542
80 95 -0.279515
81 69 0.168457
81 70 -0.176688
81 71 -0.240322
81 81 0.533161
81 82 -0.172958
81 83 -0.0658038
81 84 -0.357605
81 85 0.28191
81 86 -0.296951
81 96 0.169457
81 97 0.169457
81 98 0
82 69 0.168457
82 70 -0.127252
82 71 -0.276512
82 81 -0.172958
82 82 0.52198
82 83 -0.0515249
82 84 0.162834
82 85 0
82 86 0.162834
82 96 -0.34556
82 97 -0.308917
82 98 0.278733
83 69 0
83 70 0.113491
83 71 0.113491
83 81 -0.0658038
83 82 -0.0515249
83 83 0.440233
83 84 -0.250357
83 85 0.28191
83 86 -0.292268
83 96 -0.243902
83 97 -0.311889
83 98 0.278733
84 72 -0.0831648
84 73 0.121156
84 74 -0.108958
84 81 -0.357605
84 82 0.162834
84 83 -0.250357
84 84 0.434673
84 85 -0.255894
84 86 0.0829796
84 99 0.130667
84 100 0.130667
84 101 0
85 72 -0.20077
85 73 0.121156
85 74 -0.293839
85 81 0.28191
85 82 0
85 83 0.28191
85 84 -0.255894
85 85 0.704422
85 86 -0.235876
85 99 -0.362131
85 100 -0.162497
85 101 0.128606
86 72 0.121295
86 73 0
86 74 0.121295
86 81 -0.296951
86 82 0.162834
86 83 -0.292268
86 84 0.0829796
86 85 -0.235876
86 86 0.41848
86 99 -0.166603
86 100 -0.0367962
86 101 0.128606
87 72 0.136828
87 73 -0.104937
87 74 -0.144292
87 87 0.0803299
87 88 0.0480225
87 89 -0.248433
87 99 0.119917
87 100 0
87 101 0.119917
88 72 0.136828
88 73 -0.194385
88 74 -0.305236
88 87 0.0480225
88 88 0.633971
88 89 0.0256883
88 99 -0.327999
88 100 0.12403
88 101 -0.133568
89 72 0
89 73 0.130354
89 74 0.130354
89 87 -0.248433
89 88 0.0256883
89 89 0.0774081
89 99 -0.178953
89 100 0.12403
89 101 -0.0530959
90 75 0.151993
90 76 -0.269184
90 77 -0.209003
90 90 0.384864
90 91 0.018923
90 92 -0.152427
90 96 -0.0731111
90 97 0.133797
90 98 -0.197473
90 102 0.109212
90 103 0.109212
90 104 0
91 75 0.151993
91 76 -0.25957
91 77 -0.289936
91 90 0.018923
91 91 0.446632
91 92 -0.228521
91 96 0.144871
91 97 0
91 98 0.144871
91 102 -0.0719382
91 103 -0.159232
91 104 0.108708
92 75 0
92 76 0.226032
92 77 0.226032
92 90 -0.152427
92 91 -0.228521
92 92 0.590897
92 96 -0.153686
92 97 0.133797
92 98 -0.350539
92 102 -0.121629
92 103 -0.271863
92 104 0.108708
93 75 -0.224442
93 76 0.148618
93 77 -0.161392
93 78 -0.308836
93 79 0.205372
93 80 -0.259916
93 93 0.508765
93 94 -0.155385
93 95 -0.0464025
93 105 0.153106
93 106 0.153106
93 107 0
94 75 -0.196109
94 76 0.148618
94 77 -0.222596
94 78 0.169542
94 79 0
94 80 0.169542
94 93 -0.155385
94 94 0.536332
94 95 -0.0819262
94 105 -0.357482
94 106 -0.190134
94 107 0.192194
95 75 0.119346
95 76 0
95 77 0.119346
95 78 -0.221716
95 79 0.205372
95 80 -0.279515
95 93 -0.0464025
95 94 -0.0819262
95 95 0.453121
95 105 -0.25658
95 106 -0.190645
95 107 0.192194
96 81 0.169457
96 82 -0.34556
96 83 -0.243902
96 90 -0.0731111
96 91 0.144871
96 92 -0.153686
96 96 0.417052
96 97 0.0809669
96 98 -0.224974
96 108 0.118125
96 109 0.118125
96 110 0
97 81 0.169457
97 82 -0.308917
97 83 -0.311889
97 90 0.133797
97 91 0
97 92 0.133797
97 96 0.0809669
97 97 0.444019
97 98 -0.258507
97 108 -0.0591218
97 109 -0.133858
97 110 0.117621
98 81 0
98 82 0.278733
98 83 0.278733
98 90 -0.197473
98 91 0.144871
98 92 -0.350539
98 96 -0.224974
98 97 -0.258507
98 98 0.701751
98 108 -0.170001
98 109 -0.312851
98 110 0.117621
99 84 0.130667
99 85 -0.362131
99 86 -0.166603
99 87 0.119917
99 88 -0.327999
99 89 -0.178953
99 99 0.719456
99 100 -0.247483
99 101 -0.257262
99 111 0.28875
99 112 0.28875
99 113 0
100 84 0.130667
100 85 -0.162497
100 86 -0.0367962
100 87 0
100 88 0.12403
100 89 0.12403
100 99 -0.247483
100 100 0.426072
100 101 0.0902059
100 111 -0.383546
100 112 -0.249692
100 113 0.19212
101 84 0
101 85 0.128606
101 86 0.128606
101 87 0.119917
101 88 -0.133568
101 89 -0.0530959
101 99 -0.257262
101 100 0.0902059
101 101 0.43397
101 111 -0.335807
101 112 -0.306583
101 113 0.19212
102 90 0.109212
102 91 -0.0719382
102 92 -0.121629
102 102 0.452136
102 103 -0.264809
102 104 0.0606874
102 108 0
102 109 0.143966
102 110 0.143966
102 117 -0.381893
102 118 -0.262977
102 119 0.200111
103 90 0.109212
103 91 -0.159232
103 92 -0.271863
103 102 -0.264809
103 103 0.664247
103 104 -0.189548
103 108 0.133007
103 109 -0.350018
103 110 -0.189623
103 117 0.262729
103 118 0.262729
103 119 0
104 90 0
104 91 0.108708
104 92 0.108708
104 102 0.0606874
104 103 -0.189548
104 104 0.391112
104 108 0.133007
104 109 -0.159781
104 110 -0.0718177
104 117 -0.297711
104 118 -0.276643
104 119 0.200111
105 93 0.153106
105 94 -0.357482
105 95 -0.25658
105 105 0.586064
105 106 -0.0486793
105 107 -0.271875
105 114 0.205365
105 115 0.205365
105 116 0
105 117 -0.154025
105 118 0.0992336
105 119 -0.150459
106 93 0.153106
106 94 -0.190134
106 95 -0.190645
106 105 -0.0486793
106 106 0.388707
106 107 -0.0206279
106 114 -0.251273
106 115 -0.258175
106 116 0.250308
106 117 0.0887231
106 118 0
106 119 0.0887231
107 93 0
107 94 0.192194
107 95 0.192194
107 105 -0.271875
107 106 -0.0206279
107 107 0.563139
107 114 -0.302328
107 115 -0.414061
107 116 0.250308
107 117 -0.106402
107 118 0.0992336
107 119 -0.17174
108 96 0.118125
108 97 -0.0591218
108 98 -0.170001
108 102 0
108 103 0.133007
108 104 0.133007
108 108 0.435486
108 109 -0.221281
108 110 0.0418509
108 120 -0.358937
108 121 -0.216601
108 122 0.171862
109 96 0.118125
109 97 -0.133858
109 98 -0.312851
109 102 0.143966
109 103 -0.350018
109 104 -0.159781
109 108 -0.221281
109 109 0.627843
109 110 -0.18835
109 120 0.2418
109 121 0.2418
109 122 0
110 96 0
110 97 0.117621
110 98 0.117621
110 102 0.143966
110 103 -0.189623
110 104 -0.0718177
110 108 0.0418509
110 109 -0.18835
110 110 0.409032
110 120 -0.294721
110 121 -0.250045
110 122 0.171862
111 99 0.28875
111 100 -0.383546
111 101 -0.335807
111 111 0.541971
111 112 -0.0289164
111 113 -0.233769
111 120 -0.177058
111 121 0.099847
111 122 -0.118348
111 123 0.178781
111 124 0.178781
111 125 0
112 99 0.28875
112 100 -0.249692
112 101 -0.306583
112 111 -0.0289164
112 112 0.405387
112 113 -0.0574438
112 120 0.0972415
112 121 0
112 122 0.0972415
112 123 -0.20528
112 124 -0.199417
112 125 0.169397
113 99 0
113 100 0.19212
113 101 0.19212
113 111 -0.233769
113 112 -0.0574438
113 113 0.564952
113 120 -0.153179
113 121 0.099847
113 122 -0.168906
113 123 -0.249692
113 124 -0.344761
113 125 0.169397
114 105 0.205365
114 106 -0.251273
114 107 -0.302328
114 114 0.299937
114 115 0.205926
114 116 -0.347105
114 126 0.0988555
114 127 0.0988555
114 128 0
115 105 0.205365
115 106 -0.258175
115 107 -0.414061
115 114 0.205926
115 115 0.491173
115 116 -0.116454
115 126 -0.181043
115 127 -0.042009
115 128 0.117512
116 105 0
116 106 0.250308
116 107 0.250308
116 114 -0.347105
116 115 -0.116454
116 116 0.260986
116 126 -0.240238
116 127 -0.167083
116 128 0.117512
117 102 -0.381893
117 103 0.262729
117 104 -0.297711
117 105 -0.154025
117 106 0.0887231
117 107 -0.106402
117 117 0.509688
117 118 -0.0171812
117 119 -0.233409
117 129 0.169226
117 130 0.169226
117 131 0
118 102 -0.262977
118 103 0.262729
118 104 -0.276643
118 105 0.0992336
118 106 0
118 107 0.0992336
118 117 -0.0171812
118 118 0.390781
118 119 -0.0828865
118 129 -0.151961
118 130 -0.21561
118 131 0.164253
119 102 0.200111
119 103 0
119 104 0.200111
119 105 -0.150459
119 106 0.0887231
119 107 -0.17174
119 117 -0.233409
119 118 -0.0828865
119 119 0.563593
119 129 -0.207849
119 130 -0.361478
119 131 0.164253
120 108 -0.358937
120 109 0.2418
120 110 -0.294721
120 111 -0.177058
120 112 0.0972415
120 113 -0.153179
120 120 0.564007
120 121 -0.0699068
120 122 -0.225548
120 132 0.193353
120 133 0.193353
120 134 0
121 108 -0.216601
121 109 0.2418
121 110 -0.250045
121 111 0.099847
121 112 0
121 113 0.099847
121 120 -0.0699068
121 121 0.406143
121 122 -0.0239613
121 132 -0.192557
121 133 -0.248359
121 134 0.164197
122 108 0.171862
122 109 0
122 110 0.171862
122 111 -0.118348
122 112 0.0972415
122 113 -0.168906
122 120 -0.225548
122 121 -0.0239613
122 122 0.526951
122 132 -0.212778
122 133 -0.372167
122 134 0.164197
123 111 0.178781
123 112 -0.20528
123 113 -0.249692
123 123 0.231364
123 124 0.107459
123 125 -0.281801
123 135 0.115223
123 136 0.115223
123 137 0
124 111 0.178781
124 112 -0.199417
124 113 -0.344761
124 123 0.107459
124 124 0.509464
124 125 -0.00973367
124 135 -0.251795
124 136 -0.108189
124 137 0.129468
125 111 0
125 112 0.169397
125 113 0.169397
125 123 -0.281801
125 124 -0.00973367
125 125 0.213674
125 135 -0.219744
125 136 -0.159381
125 137 0.129468
126 114 0.0988555
126 115 -0.181043
126 116 -0.240238
126 126 0.618168
126 127 -0.220397
126 128 -0.186799
126 129 0.0998354
126 130 -0.269714
126 131 -0.190417
126 141 0.239337
126 142 0.239337
126 143 0
127 114 0.0988555
127 115 -0.042009
127 116 -0.167083
127 126 -0.220397
127 127 0.429847
127 128 0.0373239
127 129 0
127 130 0.133243
127 131 0.133243
127 141 -0.349514
127 142 -0.236352
127 143 0.189768
128 114 0
128 115 0.117512
128 116 0.117512
128 126 -0.186799
128 127 0.0373239
128 128 0.402656
128 129 0.0998354
128 130 -0.112812
128 131 -0.103667
128 141 -0.286773
128 142 -0.267631
128 143 0.189768
129 117 0.169226
129 118 -0.151961
129 119 -0.207849
129 126 0.0998354
129 127 0
129 128 0.0998354
129 129 0.395644
129 130 -0.0967558
129 131 -0.00261752
129 147 -0.245601
129 148 -0.223254
129 149 0.17274
130 117 0.169226
130 118 -0.21561
130 119 -0.361478
130 126 -0.269714
130 127 0.133243
130 128 -0.112812
130 129 -0.0967558
130 130 0.581701
130 131 -0.235505
130 147 0.208474
130 148 0.208474
130 149 0
131 117 0
131 118 0.164253
131 119 0.164253
131 126 -0.190417
131 127 0.133243
131 128 -0.103667
131 129 -0.00261752
131 130 -0.235505
131 131 0.50465
131 147 -0.259332
131 148 -0.338357
131 149 0.17274
132 120 0.193353
132 121 -0.192557
132 122 -0.212778
132 132 0.426273
132 133 -0.0886171
132 134 0.00470333
132 135 0.100038
132 136 0
132 137 0.100038
132 150 -0.288089
132 151 -0.222655
132 152 0.192543
133 120 0.193353
133 121 -0.248359
133 122 -0.372167
133 132 -0.0886171
133 133 0.605833
133 134 -0.228302
133 135 -0.260994
133 136 0.122145
133 137 -0.125906
133 150 0.207633
133 151 0.207633
133 152 0
134 120 0
134 121 0.164197
134 122 0.164197
134 132 0.00470333
134 133 -0.228302
134 134 0.53186
134 135 -0.177131
134 136 0.122145
134 137 -0.122897
134 150 -0.294006
134 151 -0.345056
134 152 0.192543
135 123 0.115223
135 124 -0.251795
135 125 -0.219744
135 132 0.100038
135 133 -0.260994
135 134 -0.177131
135 135 0.617372
135 136 -0.172676
135 137 -0.188516
135 153 0.224129
135 154 0.224129
135 155 0
136 123 0.115223
136 124 -0.108189
136 125 -0.159381
136 132 0
136 133 0.122145
136 134 0.122145
136 135 -0.172676
136 136 0.442075
136 137 0.0297877
136 153 -0.314712
136 154 -0.219597
136 155 0.153215
137 123 0
137 124 0.129468
137 125 0.129468
137 132 0.100038
137 133 -0.125906
137 134 -0.122897
137 135 -0.188516
137 136 0.0297877
137 137 0.454333
137 153 -0.267273
137 154 -0.281683
137 155 0.153215
138 138 0.373875
138 139 -0.407193
138 140 0.262751
138 159 0.103458
138 160 0.103458
138 161 0
138 165 -0.293334
138 166 -0.361008
138 167 0.22633
139 138 -0.407193
139 139 0.325089
139 140 -0.166366
139 159 -0.27474
139 160 -0.18355
139 161 0.103458
139 165 0.30582
139 166 0.30582
139 167 0
140 138 0.262751
140 139 -0.166366
140 140 0.500966
140 159 -0.0911892
140 160 -0.0678243
140 161 0.103458
140 165 -0.287752
140 166 -0.472036
140 167 0.22633
141 126 0.239337
141 127 -0.349514
141 128 -0.286773
141 141 0.504714
141 142 -0.0321271
141 143 -0.219193
141 144 -0.173935
141 145 -0.12154
141 146 0.110522
141 168 0.16862
141 169 0.16862
141 170 0
142 126 0.239337
142 127 -0.236352
142 128 -0.267631
142 141 -0.0321271
142 142 0.391949
142 143 -0.0771202
142 144 0.102468
142 145 0.102468
142 146 0
142 168 -0.172007
142 169 -0.206761
142 170 0.164508
143 126 0
143 127 0.189768
143 128 0.189768
143 141 -0.219193
143 142 -0.0771202
143 143 0.541617
143 144 -0.160539
143 145 -0.177232
143 146 0.110522
143 168 -0.214994
143 169 -0.338373
143 170 0.164508
144 141 -0.173935
144 142 0.102468
144 143 -0.160539
144 144 0.20151
144 145 -0.0315607
144 146 -0.287149
144 171 0.178651
144 172 0.178651
144 173 0
145 141 -0.12154
145 142 0.102468
145 143 -0.177232
145 144 -0.0315607
145 145 0.482574
145 146 0.114072
145 171 -0.32745
145 172 -0.161947
145 173 0.128713
146 141 0.110522
146 142 0
146 143 0.110522
146 144 -0.287149
146 145 0.114072
146 146 0.22026
146 171 -0.233254
146 172 -0.155588
146 173 0.128713
147 129 -0.245601
147 130 0.208474
147 131 -0.259332
147 147 0.442352
147 148 -0.0433872
147 149 -0.0945431
147 150 -0.175652
147 151 0.125758
147 152 -0.188176
147 174 0.120632
147 175 0.120632
147 176 0
148 129 -0.223254
148 130 0.208474
148 131 -0.338357
148 147 -0.0433872
148 148 0.489603
148 149 -0.155934
148 150 0.148971
148 151 0
148 152 0.148971
148 174 -0.231256
148 175 -0.172139
148 176 0.179463
149 129 0.17274
149 130 0
149 131 0.17274
149 147 -0.0945431
149 148 -0.155934
149 149 0.52991
149 150 -0.180691
149 151 0.125758
149 152 -0.287355
149 174 -0.212669
149 175 -0.238265
149 176 0.179463
150 132 -0.288089
150 133 0.207633
150 134 -0.294006
150 147 -0.175652
150 148 0.148971
150 149 -0.180691
150 150 0.483129
150 151 -0.00461836
150 152 -0.149362
150 177 0.132949
150 178 0.132949
150 179 0
151 132 -0.222655
151 133 0.207633
151 134 -0.345056
151 147 0.125758
151 148 0
151 149 0.125758
151 150 -0.00461836
151 151 0.4714
151 152 -0.133651
151 177 -0.20628
151 178 -0.182851
151 179 0.177777
152 132 0.192543
152 133 0
152 134 0.192543
152 147 -0.188176
152 148 0.148971
152 149 -0.287355
152 150 -0.149362
152 151 -0.133651
152 152 0.582626
152 177 -0.224669
152 178 -0.298034
152 179 0.177777
153 135 0.224129
153 136 -0.314712
153 137 -0.267273
153 153 0.310433
153 154 0.0485306
153 155 -0.312663
153 180 0.163117
153 181 0.163117
153 182 0
154 135 0.224129
154 136 -0.219597
154 137 -0.281683
154 153 0.0485306
154 154 0.475404
154 155 0.0700764
154 180 -0.308361
154 181 -0.270719
154 182 0.276899
155 135 0
155 136 0.153215
155 137 0.153215
155 153 -0.312663
155 154 0.0700764
155 155 0.313917
155 180 -0.282307
155 181 -0.357673
155 182 0.276899
156 156 0.227785
156 157 -0.294107
156 158 -0.0174602
156 162 -0.130382
156 163 -0.262246
156 164 0.131775
156 183 0.17672
156 184 0.17672
156 185 0
157 156 -0.294107
157 157 0.243944
157 158 0.104885
157 162 0.119588
157 163 0.119588
157 164 0
157 183 -0.192476
157 184 -0.272209
157 185 0.179593
158 156 -0.0174602
158 157 0.104885
158 158 0.466183
158 162 -0.0640587
158 163 -0.270864
158 164 0.131775
158 183 -0.175206
158 184 -0.34604
158 185 0.179593
159 138 0.103458
159 139 -0.27474
159 140 -0.0911892
159 159 0.232728
159 160 -0.0740043
159 161 -0.314832
159 186 0.213458
159 187 0.213458
159 188 0
160 138 0.103458
160 139 -0.18355
160 140 -0.0678243
160 159 -0.0740043
160 160 0.481778
160 161 0.160796
160 186 -0.358559
160 187 -0.19818
160 188 0.144423
161 138 0
161 139 0.103458
161 140 0.103458
161 159 -0.314832
161 160 0.160796
161 161 0.262326
161 186 -0.257124
161 187 -0.194167
161 188 0.144423
162 156 -0.130382
162 157 0.119588
162 158 -0.0640587
162 162 0.432725
162 163 -0.240592
162 164 0.0952017
162 165 -0.281302
162 166 0.206139
162 167 -0.371828
162 189 0.12125
162 190 0.12125
162 191 0
163 156 -0.262246
163 157 0.119588
163 158 -0.270864
163 162 -0.240592
163 163 0.731995
163 164 -0.263168
163 165 0.290585
163 166 0
163 167 0.290585
163 189 -0.255959
163 190 -0.272832
163 191 0.1409
164 156 0.131775
164 157 0
164 158 0.131775
164 162 0.0952017
164 163 -0.263168
164 164 0.450719
164 165 -0.236183
164 166 0.206139
164 167 -0.437996
164 189 -0.0612055
164 190 -0.149965
164 191 0.1409
165 138 -0.293334
165 139 0.30582
165 140 -0.287752
165 162 -0.281302
165 163 0.290585
165 164 -0.236183
165 165 0.39385
165 166 0.00115297
165 167 -0.0418914
165 192 0.0801599
165 193 0.0801599
165 194 0
166 138 -0.361008
166 139 0.30582
166 140 -0.472036
166 162 0.206139
166 163 0
166 164 0.206139
166 165 0.00115297
166 166 0.603918
166 167 -0.314794
166 192 -0.0961663
166 193 -0.192352
166 194 0.124454
167 138 0.22633
167 139 0
167 140 0.22633
167 162 -0.371828
167 163 0.290585
167 164 -0.437996
167 165 -0.0418914
167 166 -0.314794
167 167 0.638978
167 192 -0.0816589
167 193 -0.247242
167 194 0.124454
168 141 0.16862
168 142 -0.172007
168 143 -0.214994
168 168 0.399269
168 169 -0.0801555
168 170 -0.0361938
168 195 -0.269684
168 196 -0.220881
168 197 0.222829
168 198 0.106074
168 199 0.106074
168 200 0
169 141 0.16862
169 142 -0.206761
169 143 -0.338373
169 168 -0.0801555
169 169 0.534549
169 170 -0.205754
169 195 0.185141
169 196 0.185141
169 197 0
169 198 -0.192455
169 199 -0.155374
169 200 0.114373
170 141 0
170 142 0.164508
170 143 0.164508
170 168 -0.0361938
170 169 -0.205754
170 170 0.498678
170 195 -0.281108
170 196 -0.326325
170 197 0.222829
170 198 -0.136239
170 199 -0.170324
170 200 0.114373
171 144 0.178651
171 145 -0.32745
171 146 -0.233254
171 171 0.664951
171 172 -0.18913
171 173 -0.204818
171 186 0
171 187 0.243078
171 188 0.243078
171 198 -0.311293
171 199 0.164463
171 200 -0.217036
172 144 0.178651
172 145 -0.161947
172 146 -0.155588
172 171 -0.18913
172 172 0.457152
172 173 0.0560364
172 186 0.221715
172 187 -0.332308
172 188 -0.306329
172 198 0.121493
172 199 0
172 200 0.121493
173 144 0
173 145 0.128713
173 146 0.128713
173 171 -0.204818
173 172 0.0560364
173 173 0.469093
173 186 0.221715
173 187 -0.279173
173 188 -0.373903
173 198 -0.154259
173 199 0.164463
173 200 -0.14534
174 147 0.120632
174 148 -0.231256
174 149 -0.212669
174 174 0.440268
174 175 -0.0409511
174 176 -0.159148
174 195 -0.127409
174 196 0.124935
174 197 -0.188309
174 201 0.140703
174 202 0.140703
174 203 0
175 147 0.120632
175 148 -0.172139
175 149 -0.238265
175 174 -0.0409511
175 175 0.411356
175 176 -0.123323
175 195 0.123942
175 196 0
175 197 0.123942
175 201 -0.188681
175 202 -0.185806
175 203 0.176791
176 147 0
176 148 0.179463
176 149 0.179463
176 174 -0.159148
176 175 -0.123323
176 176 0.508084
176 195 -0.130969
176 196 0.124935
176 197 -0.262269
176 201 -0.206696
176 202 -0.278831
176 203 0.176791
177 150 0.132949
177 151 -0.20628
177 152 -0.224669
177 177 0.430816
177 178 -0.0377796
177 179 -0.106526
177 204 -0.21481
177 205 -0.17248
177 206 0.167204
177 207 0.120728
177 208 0.120728
177 209 0
178 150 0.132949
178 151 -0.182851
178 152 -0.298034
178 177 -0.0377796
178 178 0.472892
178 179 -0.160392
178 204 0.145696
178 205 0.145696
178 206 0
178 207 -0.212685
178 208 -0.169201
178 209 0.173591
179 150 0
179 151 0.177777
179 152 0.177777
179 177 -0.106526
179 178 -0.160392
179 179 0.527886
179 204 -0.228046
179 205 -0.273342
179 206 0.167204
179 207 -0.204883
179 208 -0.241164
179 209 0.173591
180 153 0.163117
180 154 -0.308361
180 155 -0.282307
180 180 0.429446
180 181 0.0836165
180 182 -0.216362
180 204 -0.118202
180 205 0.135994
180 206 -0.111382
180 210 0.116543
180 211 0.116543
180 212 0
181 153 0.163117
181 154 -0.270719
181 155 -0.357673
181 180 0.0836165
181 181 0.461459
181 182 -0.256942
181 204 0.135406
181 205 0
181 206 0.135406
181 210 -0.121979
181 211 -0.0603571
181 212 0.0973129
182 153 0
182 154 0.276899
182 155 0.276899
182 180 -0.216362
182 181 -0.256942
182 182 0.710464
182 204 -0.239044
182 205 0.135994
182 206 -0.31125
182 210 -0.226815
182 211 -0.238508
182 212 0.0973129
183 156 0.17672
183 157 -0.192476
183 158 -0.175206
183 183 0.149743
183 184 0.136202
183 185 -0.268535
183 213 0.0911081
183 214 0.0911081
183 215 0
184 156 0.17672
184 157 -0.272209
184 158 -0.34604
184 183 0.136202
184 184 0.593104
184 185 -0.0538753
184 213 -0.194263
184 214 -0.136571
184 215 0.105596
185 156 0
185 157 0.179593
185 158 0.179593
185 183 -0.268535
185 184 -0.0538753
185 185 0.123529
185 213 -0.125021
185 214 -0.132216
185 215 0.105596
186 159 0.213458
186 160 -0.358559
186 161 -0.257124
186 171 0
186 172 0.221715
186 173 0.221715
186 186 0.632055
186 187 -0.135547
186 188 -0.210489
186 216 -0.23482
186 217 -0.199795
186 218 0.119713
187 159 0.213458
187 160 -0.19818
187 161 -0.194167
187 171 0.243078
187 172 -0.332308
187 173 -0.279173
187 186 -0.135547
187 187 0.444387
187 188 0.0306808
187 216 0.110047
187 217 0.110047
187 218 0
188 159 0
188 160 0.144423
188 161 0.144423
188 171 0.243078
188 172 -0.306329
188 173 -0.373903
188 186 -0.210489
188 187 0.0306808
188 188 0.500757
188 216 -0.115007
188 217 -0.165023
188 218 0.119713
189 162 0.12125
189 163 -0.255959
189 164 -0.0612055
189 189 0.405326
189 190 -0.123574
189 191 -0.0460251
189 213 -0.284377
189 214 0.163253
189 215 -0.161132
189 219 0.12466
189 220 0.12466
189 221 0
190 162 0.12125
190 163 -0.272832
190 164 -0.149965
190 189 -0.123574
190 190 0.497896
190 191 -0.158189
190 213 0.177477
190 214 0
190 215 0.177477
190 219 -0.248671
190 220 -0.13721
190 221 0.123218
191 162 0
191 163 0.1409
191 164 0.1409
191 189 -0.0460251
191 190 -0.158189
191 191 0.433536
191 213 -0.260278
191 214 0.163253
191 215 -0.217712
191 219 -0.178286
191 220 -0.134442
191 221 0.123218
192 165 0.0801599
192 166 -0.0961663
192 167 -0.0816589
192 192 0.423921
192 193 -0.221182
192 194 0.0580609
192 216 -0.329189
192 217 0.164314
192 218 -0.242268
192 219 0.125632
192 220 0
192 221 0.125632
193 165 0.0801599
193 166 -0.192352
193 167 -0.247242
193 192 -0.221182
193 193 0.655784
193 194 -0.218662
193 216 0.256516
193 217 0
193 218 0.256516
193 219 -0.30681
193 220 0.13102
193 221 -0.186493
194 165 0
194 166 0.124454
194 167 0.124454
194 192 0.0580609
194 193 -0.218662
194 194 0.421892
194 216 -0.278194
194 217 0.164314
194 218 -0.290905
194 219 -0.139884
194 220 0.13102
194 221 -0.0892927
195 168 -0.269684
195 169 0.185141
195 170 -0.281108
195 174 -0.127409
195 175 0.123942
195 176 -0.130969
195 195 0.421596
195 196 0.0200346
195 197 -0.187563
195 222 0.126728
195 223 0.126728
195 224 0
196 168 -0.220881
196 169 0.185141
196 170 -0.326325
196 174 0.124935
196 175 0
196 176 0.124935
196 195 0.0200346
196 196 0.418513
196 197 -0.183725
196 222 -0.105239
196 223 -0.133829
196 224 0.103878
197 168 0.222829
197 169 0
197 170 0.222829
197 174 -0.188309
197 175 0.123942
197 176 -0.262269
197 195 -0.187563
197 196 -0.183725
197 197 0.590681
197 222 -0.167681
197 223 -0.267175
197 224 0.103878
198 168 0.106074
198 169 -0.192455
198 170 -0.136239
198 171 -0.311293
198 172 0.121493
198 173 -0.154259
198 198 0.492579
198 199 -0.178393
198 200 -0.0711265
198 225 0.165962
198 226 0.165962
198 227 0
199 168 0.106074
199 169 -0.155374
199 170 -0.170324
199 171 0.164463
199 172 0
199 173 0.164463
199 198 -0.178393
199 199 0.48997
199 200 -0.067936
199 225 -0.279496
199 226 -0.193728
199 227 0.128582
200 168 0
200 169 0.114373
200 170 0.114373
200 171 -0.217036
200 172 0.121493
200 173 -0.14534
200 198 -0.0711265
200 199 -0.067936
200 200 0.403962
200 225 -0.186542
200 226 -0.1865
200 227 0.128582
201 174 0.140703
201 175 -0.188681
201 176 -0.206696
201 201 0.38137
201 202 -0.0527628
201 203 -0.10594
201 207 -0.161969
201 208 0.131626
201 209 -0.165603
201 228 0.11696
201 229 0.11696
201 230 0
202 174 0.140703
202 175 -0.185806
202 176 -0.278831
202 201 -0.0527628
202 202 0.442183
202 203 -0.179424
202 207 0.15159
202 208 0
202 209 0.15159
202 228 -0.144269
202 229 -0.137155
202 230 0.0981492
203 174 0
203 175 0.176791
203 176 0.176791
203 201 -0.10594
203 202 -0.179424
203 203 0.487033
203 207 -0.187071
203 208 0.131626
203 209 -0.260163
203 228 -0.138965
203 229 -0.192861
203 230 0.0981492
204 177 -0.21481
204 178 0.145696
204 179 -0.228046
204 180 -0.118202
204 181 0.135406
204 182 -0.239044
204 204 0.43998
204 205 -0.0573359
204 206 -0.124056
204 231 0.134511
204 232 0.134511
204 233 0
205 177 -0.17248
205 178 0.145696
205 179 -0.273342
205 180 0.135994
205 181 0
205 182 0.135994
205 204 -0.0573359
205 205 0.442514
205 206 -0.127238
205 231 -0.208324
205 232 -0.169982
205 233 0.157114
206 177 0.167204
206 178 0
206 179 0.167204
206 180 -0.111382
206 181 0.135406
206 182 -0.31125
206 204 -0.124056
206 205 -0.127238
206 206 0.496334
206 231 -0.200237
206 232 -0.240489
206 233 0.157114
207 177 0.120728
207 178 -0.212685
207 179 -0.204883
207 201 -0.161969
207 202 0.15159
207 203 -0.187071
207 207 0.423114
207 208 -0.0516626
207 209 -0.140745
207 234 0.135228
207 235 0.135228
207 236 0
208 177 0.120728
208 178 -0.169201
208 179 -0.241164
208 201 0.131626
208 202 0
208 203 0.131626
208 207 -0.0516626
208 208 0.416855
208 209 -0.13307
208 234 -0.152563
208 235 -0.170415
208 236 0.124113
209 177 0
209 178 0.173591
209 179 0.173591
209 201 -0.165603
209 202 0.15159
209 203 -0.260163
209 207 -0.140745
209 208 -0.13307
209 209 0.490477
209 234 -0.159327
209 235 -0.247581
209 236 0.124113
210 180 0.116543
210 181 -0.121979
210 182 -0.226815
210 210 0.200771
210 211 -0.0624161
210 212 -0.2937
210 237 0.198976
210 238 0.198976
210 239 0
211 180 0.116543
211 181 -0.0603571
211 182 -0.238508
211 210 -0.0624161
211 211 0.531354
211 212 0.15667
211 237 -0.39291
211 238 -0.224205
211 239 0.184186
212 180 0
212 181 0.0973129
212 182 0.0973129
212 210 -0.2937
212 211 0.15667
212 212 0.232291
212 237 -0.263793
212 238 -0.199924
212 239 0.184186
213 183 0.0911081
213 184 -0.194263
213 185 -0.125021
213 189 -0.284377
213 190 0.177477
213 191 -0.260278
213 213 0.526309
213 214 -0.211846
213 215 -0.0886362
213 240 0.188502
213 241 0.188502
213 242 0
214 183 0.0911081
214 184 -0.136571
214 185 -0.132216
214 189 0.163253
214 190 0
214 191 0.163253
214 213 -0.211846
214 214 0.481826
214 215 -0.0351313
214 240 -0.254087
214 241 -0.254859
214 242 0.132745
215 183 0
215 184 0.105596
215 185 0.105596
215 189 -0.161132
215 190 0.177477
215 191 -0.217712
215 213 -0.0886362
215 214 -0.0351313
215 215 0.382305
215 240 -0.153083
215 241 -0.240549
215 242 0.132745
216 186 -0.23482
216 187 0.110047
216 188 -0.115007
216 192 -0.329189
216 193 0.256516
216 194 -0.278194
216 216 0.503973
216 217 -0.156066
216 218 -0.0595696
216 243 0.156818
216 244 0.156818
216 245 0
217 186 -0.199795
217 187 0.110047
217 188 -0.165023
217 192 0.164314
217 193 0
217 194 0.164314
217 216 -0.156066
217 217 0.516666
217 218 -0.0757107
217 243 -0.278729
217 244 -0.28253
217 245 0.213842
218 186 0.119713
218 187 0
218 188 0.119713
218 192 -0.242268
218 193 0.256516
218 194 -0.290905
218 216 -0.0595696
218 217 -0.0757107
218 218 0.442054
218 243 -0.185462
218 244 -0.286596
218 245 0.213842
219 189 0.12466
219 190 -0.248671
219 191 -0.178286
219 192 0.125632
219 193 -0.30681
219 194 -0.139884
219 219 0.558166
219 220 -0.180927
219 221 -0.164268
219 246 0.208672
219 247 0.208672
219 248 0
220 189 0.12466
220 190 -0.13721
220 191 -0.134442
220 192 0
220 193 0.13102
220 194 0.13102
220 219 -0.180927
220 220 0.421131
220 221 0.00017048
220 246 -0.255321
220 247 -0.203943
220 248 0.110799
221 189 0
221 190 0.123218
221 191 0.123218
221 192 0.125632
221 193 -0.186493
221 194 -0.0892927
221 219 -0.164268
221 220 0.00017048
221 221 0.407634
221 246 -0.203522
221 247 -0.240138
221 248 0.110799
222 195 0.126728
222 196 -0.105239
222 197 -0.167681
222 222 0.486692
222 223 -0.230914
222 224 0.0138224
222 228 0.154236
222 229 0
222 230 0.154236
222 252 -0.329237
222 253 -0.268478
222 254 0.174909
