1749 1749 5247
0 0 0.00400886
0 1 0.00200443
0 2 0.00200443
1 0 0.00200443
1 1 0.00400886
1 2 0.00200443
2 0 0.00200443
2 1 0.00200443
2 2 0.00400886
3 3 0.00400886
3 4 0.00200443
3 5 0.00200443
4 3 0.00200443
4 4 0.00400886
4 5 0.00200443
5 3 0.00200443
5 4 0.00200443
5 5 0.00400886
6 6 0.00400845
6 7 0.00200423
6 8 0.00200423
7 6 0.00200423
7 7 0.00400845
7 8 0.00200423
8 6 0.00200423
8 7 0.00200423
8 8 0.00400845
9 9 0.0048357
9 10 0.00241785
9 11 0.00241785
10 9 0.00241785
10 10 0.0048357
10 11 0.00241785
11 9 0.00241785
11 10 0.00241785
11 11 0.0048357
12 12 0.00406614
12 13 0.00203307
12 14 0.00203307
13 12 0.00203307
13 13 0.00406614
13 14 0.00203307
14 12 0.00203307
14 13 0.00203307
14 14 0.00406614
15 15 0.00516937
15 16 0.00258468
15 17 0.00258468
16 15 0.00258468
16 16 0.00516937
16 17 0.00258468
17 15 0.00258468
17 16 0.00258468
17 17 0.00516937
18 18 0.0043713
18 19 0.00218565
18 20 0.00218565
19 18 0.00218565
19 19 0.0043713
19 20 0.00218565
20 18 0.00218565
20 19 0.00218565
20 20 0.0043713
21 21 0.00396072
21 22 0.00198036
21 23 0.00198036
22 21 0.00198036
22 22 0.00396072
22 23 0.00198036
23 21 0.00198036
23 22 0.00198036
23 23 0.00396072
24 24 0.00419275
24 25 0.00209637
24 26 0.00209637
25 24 0.00209637
25 25 0.00419275
25 26 0.00209637
26 24 0.00209637
26 25 0.00209637
26 26 0.00419275
27 27 0.00369958
27 28 0.00184979
27 29 0.00184979
28 27 0.00184979
28 28 0.00369958
28 29 0.00184979
29 27 0.00184979
29 28 0.00184979
29 29 0.00369958
30 30 0.00322852
30 31 0.00161426
30 32 0.00161426
31 30 0.00161426
31 31 0.00322852
31 32 0.00161426
32 30 0.00161426
32 31 0.00161426
32 32 0.00322852
33 33 0.00362735
33 34 0.00181368
33 35 0.00181368
34 33 0.00181368
34 34 0.00362735
34 35 0.00181368
35 33 0.00181368
35 34 0.00181368
35 35 0.00362735
36 36 0.00238842
36 37 0.00119421
36 38 0.00119421
37 36 0.00119421
37 37 0.00238842
37 38 0.00119421
38 36 0.00119421
38 37 0.00119421
38 38 0.00238842
39 39 0.00273647
39 40 0.00136824
39 41 0.00136824
40 39 0.00136824
40 40 0.00273647
40 41 0.00136824
41 39 0.00136824
41 40 0.00136824
41 41 0.00273647
42 42 0.0036145
42 43 0.00180725
42 44 0.00180725
43 42 0.00180725
43 43 0.0036145
43 44 0.00180725
44 42 0.00180725
44 43 0.00180725
44 44 0.0036145
45 45 0.00653572
45 46 0.00326786
45 47 0.00326786
46 45 0.00326786
46 46 0.00653572
46 47 0.00326786
47 45 0.00326786
47 46 0.00326786
47 47 0.00653572
48 48 0.00340586
48 49 0.00170293
48 50 0.00170293
49 48 0.00170293
49 49 0.00340586
49 50 0.00170293
50 48 0.00170293
50 49 0.00170293
50 50 0.00340586
51 51 0.00262066
51 52 0.00131033
51 53 0.00131033
52 51 0.00131033
52 52 0.00262066
52 53 0.00131033
53 51 0.00131033
53 52 0.00131033
53 53 0.00262066
54 54 0.00306801
54 55 0.00153401
54 56 0.00153401
55 54 0.00153401
55 55 0.00306801
55 56 0.00153401
56 54 0.00153401
56 55 0.00153401
56 56 0.00306801
57 57 0.00418356
57 58 0.00209178
57 59 0.00209178
58 57 0.00209178
58 58 0.00418356
58 59 0.00209178
59 57 0.00209178
59 58 0.00209178
59 59 0.00418356
60 60 0.00628007
60 61 0.00314003
60 62 0.00314003
61 60 0.00314003
61 61 0.00628007
61 62 0.00314003
62 60 0.00314003
62 61 0.00314003
62 62 0.00628007
63 63 0.00401419
63 64 0.00200709
63 65 0.00200709
64 63 0.00200709
64 64 0.00401419
64 65 0.00200709
65 63 0.00200709
65 64 0.00200709
65 65 0.00401419
66 66 0.00324664
66 67 0.00162332
66 68 0.00162332
67 66 0.00162332
67 67 0.00324664
67 68 0.00162332
68 66 0.00162332
68 67 0.00162332
68 68 0.00324664
69 69 0.00408034
69 70 0.00204017
69 71 0.00204017
70 69 0.00204017
70 70 0.00408034
70 71 0.00204017
71 69 0.00204017
71 70 0.00204017
71 71 0.00408034
72 72 0.00350231
72 73 0.00175116
72 74 0.00175116
73 72 0.00175116
73 73 0.00350231
73 74 0.00175116
74 72 0.00175116
74 73 0.00175116
74 74 0.00350231
75 75 0.00505714
75 76 0.00252857
75 77 0.00252857
76 75 0.00252857
76 76 0.00505714
76 77 0.00252857
77 75 0.00252857
77 76 0.00252857
77 77 0.00505714
78 78 0.00519882
78 79 0.00259941
78 80 0.00259941
79 78 0.00259941
79 79 0.00519882
79 80 0.00259941
80 78 0.00259941
80 79 0.00259941
80 80 0.00519882
81 81 0.0060565
81 82 0.00302825
81 83 0.00302825
82 81 0.00302825
82 82 0.0060565
82 83 0.00302825
83 81 0.00302825
83 82 0.00302825
83 83 0.0060565
84 84 0.00349829
84 85 0.00174915
84 86 0.00174915
85 84 0.00174915
85 85 0.00349829
85 86 0.00174915
86 84 0.00174915
86 85 0.00174915
86 86 0.00349829
87 87 0.00367625
87 88 0.00183813
87 89 0.00183813
88 87 0.00183813
88 88 0.00367625
88 89 0.00183813
89 87 0.00183813
89 88 0.00183813
89 89 0.00367625
90 90 0.00340061
90 91 0.0017003
90 92 0.0017003
91 90 0.0017003
91 91 0.00340061
91 92 0.0017003
92 90 0.0017003
92 91 0.0017003
92 92 0.00340061
93 93 0.00629752
93 94 0.00314876
93 95 0.00314876
94 93 0.00314876
94 94 0.00629752
94 95 0.00314876
95 93 0.00314876
95 94 0.00314876
95 95 0.00629752
96 96 0.00368208
96 97 0.00184104
96 98 0.00184104
97 96 0.00184104
97 97 0.00368208
97 98 0.00184104
98 96 0.00184104
98 97 0.00184104
98 98 0.00368208
99 99 0.00355434
99 100 0.00177717
99 101 0.00177717
100 99 0.00177717
100 100 0.00355434
100 101 0.00177717
101 99 0.00177717
101 100 0.00177717
101 101 0.00355434
102 102 0.00341637
102 103 0.00170818
102 104 0.00170818
103 102 0.00170818
103 103 0.00341637
103 104 0.00170818
104 102 0.00170818
104 103 0.00170818
104 104 0.00341637
105 105 0.00501676
105 106 0.00250838
105 107 0.00250838
106 105 0.00250838
106 106 0.00501676
106 107 0.00250838
107 105 0.00250838
107 106 0.00250838
107 107 0.00501676
108 108 0.00369784
108 109 0.00184892
108 110 0.00184892
109 108 0.00184892
109 109 0.00369784
109 110 0.00184892
110 108 0.00184892
110 109 0.00184892
110 110 0.00369784
111 111 0.00534206
111 112 0.00267103
111 113 0.00267103
112 111 0.00267103
112 112 0.00534206
112 113 0.00267103
113 111 0.00267103
113 112 0.00267103
113 113 0.00534206
114 114 0.004116
114 115 0.002058
114 116 0.002058
115 114 0.002058
115 115 0.004116
115 116 0.002058
116 114 0.002058
116 115 0.002058
116 116 0.004116
117 117 0.00448541
117 118 0.0022427
117 119 0.0022427
118 117 0.0022427
118 118 0.00448541
118 119 0.0022427
119 117 0.0022427
119 118 0.0022427
119 119 0.00448541
120 120 0.00520266
120 121 0.00260133
120 122 0.00260133
121 120 0.00260133
121 121 0.00520266
121 122 0.00260133
122 120 0.00260133
122 121 0.00260133
122 122 0.00520266
123 123 0.00563799
123 124 0.00281899
123 125 0.00281899
124 123 0.00281899
124 124 0.00563799
124 125 0.00281899
125 123 0.00281899
125 124 0.00281899
125 125 0.00563799
126 126 0.00346255
126 127 0.00173127
126 128 0.00173127
127 126 0.00173127
127 127 0.00346255
127 128 0.00173127
128 126 0.00173127
128 127 0.00173127
128 128 0.00346255
129 129 0.0046212
129 130 0.0023106
129 131 0.0023106
130 129 0.0023106
130 130 0.0046212
130 131 0.0023106
131 129 0.0023106
131 130 0.0023106
131 131 0.0046212
132 132 0.00612648
132 133 0.00306324
132 134 0.00306324
133 132 0.00306324
133 133 0.00612648
133 134 0.00306324
134 132 0.00306324
134 133 0.00306324
134 134 0.00612648
135 135 0.00501765
135 136 0.00250882
135 137 0.00250882
136 135 0.00250882
136 136 0.00501765
136 137 0.00250882
137 135 0.00250882
137 136 0.00250882
137 137 0.00501765
138 138 0.0041685
138 139 0.00208425
138 140 0.00208425
139 138 0.00208425
139 139 0.0041685
139 140 0.00208425
140 138 0.00208425
140 139 0.00208425
140 140 0.0041685
141 141 0.00436699
141 142 0.0021835
141 143 0.0021835
142 141 0.0021835
142 142 0.00436699
142 143 0.0021835
143 141 0.0021835
143 142 0.0021835
143 143 0.00436699
144 144 0.00404877
144 145 0.00202438
144 146 0.00202438
145 144 0.00202438
145 145 0.00404877
145 146 0.00202438
146 144 0.00202438
146 145 0.00202438
146 146 0.00404877
147 147 0.00557716
147 148 0.00278858
147 149 0.00278858
148 147 0.00278858
148 148 0.00557716
148 149 0.00278858
149 147 0.00278858
149 148 0.00278858
149 149 0.00557716
150 150 0.00660662
150 151 0.00330331
150 152 0.00330331
151 150 0.00330331
151 151 0.00660662
151 152 0.00330331
152 150 0.00330331
152 151 0.00330331
152 152 0.00660662
153 153 0.00733999
153 154 0.00367
153 155 0.00367
154 153 0.00367
154 154 0.00733999
154 155 0.00367
155 153 0.00367
155 154 0.00367
155 155 0.00733999
156 156 0.00440285
156 157 0.00220142
156 158 0.00220142
157 156 0.00220142
157 157 0.00440285
157 158 0.00220142
158 156 0.00220142
158 157 0.00220142
158 158 0.00440285
159 159 0.0041685
159 160 0.00208425
159 161 0.00208425
160 159 0.00208425
160 160 0.0041685
160 161 0.00208425
161 159 0.00208425
161 160 0.00208425
161 161 0.0041685
162 162 0.00399566
162 163 0.00199783
162 164 0.00199783
163 162 0.00199783
163 163 0.00399566
163 164 0.00199783
164 162 0.00199783
164 163 0.00199783
164 164 0.00399566
165 165 0.00563252
165 166 0.00281626
165 167 0.00281626
166 165 0.00281626
166 166 0.00563252
166 167 0.00281626
167 165 0.00281626
167 166 0.00281626
167 167 0.00563252
168 168 0.00447614
168 169 0.00223807
168 170 0.00223807
169 168 0.00223807
169 169 0.00447614
169 170 0.00223807
170 168 0.00223807
170 169 0.00223807
170 170 0.00447614
171 171 0.00561963
171 172 0.00280981
171 173 0.00280981
172 171 0.00280981
172 172 0.00561963
172 173 0.00280981
173 171 0.00280981
173 172 0.00280981
173 173 0.00561963
174 174 0.00374887
174 175 0.00187443
174 176 0.00187443
175 174 0.00187443
175 175 0.00374887
175 176 0.00187443
176 174 0.00187443
176 175 0.00187443
176 176 0.00374887
177 177 0.00494072
177 178 0.00247036
177 179 0.00247036
178 177 0.00247036
178 178 0.00494072
178 179 0.00247036
179 177 0.00247036
179 178 0.00247036
179 179 0.00494072
180 180 0.00432389
180 181 0.00216194
180 182 0.00216194
181 180 0.00216194
181 181 0.00432389
181 182 0.00216194
182 180 0.00216194
182 181 0.00216194
182 182 0.00432389
183 183 0.00433242
183 184 0.00216621
183 185 0.00216621
184 183 0.00216621
184 184 0.00433242
184 185 0.00216621
185 183 0.00216621
185 184 0.00216621
185 185 0.00433242
186 186 0.0061611
186 187 0.00308055
186 188 0.00308055
187 186 0.00308055
187 187 0.0061611
187 188 0.00308055
188 186 0.00308055
188 187 0.00308055
188 188 0.0061611
189 189 0.00343842
189 190 0.00171921
189 191 0.00171921
190 189 0.00171921
190 190 0.00343842
190 191 0.00171921
191 189 0.00171921
191 190 0.00171921
191 191 0.00343842
192 192 0.00362787
192 193 0.00181394
192 194 0.00181394
193 192 0.00181394
193 193 0.00362787
193 194 0.00181394
194 192 0.00181394
194 193 0.00181394
194 194 0.00362787
195 195 0.00371907
195 196 0.00185953
195 197 0.00185953
196 195 0.00185953
196 196 0.00371907
196 197 0.00185953
197 195 0.00185953
197 196 0.00185953
197 197 0.00371907
198 198 0.00415135
198 199 0.00207568
198 200 0.00207568
199 198 0.00207568
199 199 0.00415135
199 200 0.00207568
200 198 0.00207568
200 199 0.00207568
200 200 0.00415135
201 201 0.00298362
201 202 0.00149181
201 203 0.00149181
202 201 0.00149181
202 202 0.00298362
202 203 0.00149181
203 201 0.00149181
203 202 0.00149181
203 203 0.00298362
204 204 0.00430517
204 205 0.00215258
204 206 0.00215258
205 204 0.00215258
205 205 0.00430517
205 206 0.00215258
206 204 0.00215258
206 205 0.00215258
206 206 0.00430517
207 207 0.00343614
207 208 0.00171807
207 209 0.00171807
208 207 0.00171807
208 208 0.00343614
208 209 0.00171807
209 207 0.00171807
209 208 0.00171807
209 209 0.00343614
210 210 0.00517836
210 211 0.00258918
210 212 0.00258918
211 210 0.00258918
211 211 0.00517836
211 212 0.00258918
212 210 0.00258918
212 211 0.00258918
212 212 0.00517836
213 213 0.00373799
213 214 0.001869
213 215 0.001869
214 213 0.001869
214 214 0.00373799
214 215 0.001869
215 213 0.001869
215 214 0.001869
215 215 0.00373799
216 216 0.00566361
216 217 0.0028318
216 218 0.0028318
217 216 0.0028318
217 217 0.00566361
217 218 0.0028318
218 216 0.0028318
218 217 0.0028318
218 218 0.00566361
219 219 0.00347867
219 220 0.00173934
219 221 0.00173934
220 219 0.00173934
220 220 0.00347867
220 221 0.00173934
221 219 0.00173934
221 220 0.00173934
221 221 0.00347867
222 222 0.00453715
222 223 0.00226858
222 224 0.00226858
223 222 0.00226858
223 223 0.00453715
223 224 0.00226858
224 222 0.00226858
224 223 0.00226858
224 224 0.00453715
225 225 0.00535817
225 226 0.00267909
225 227 0.00267909
226 225 0.00267909
226 226 0.00535817
226 227 0.00267909
227 225 0.00267909
227 226 0.00267909
227 227 0.00535817
228 228 0.00355544
228 229 0.00177772
228 230 0.00177772
229 228 0.00177772
229 229 0.00355544
229 230 0.00177772
230 228 0.00177772
230 229 0.00177772
230 230 0.00355544
231 231 0.00368583
231 232 0.00184291
231 233 0.00184291
232 231 0.00184291
232 232 0.00368583
232 233 0.00184291
233 231 0.00184291
233 232 0.00184291
233 233 0.00368583
234 234 0.00374387
234 235 0.00187193
234 236 0.00187193
235 234 0.00187193
235 235 0.00374387
235 236 0.00187193
236 234 0.00187193
236 235 0.00187193
236 236 0.00374387
237 237 0.00559418
237 238 0.00279709
237 239 0.00279709
238 237 0.00279709
238 238 0.00559418
238 239 0.00279709
239 237 0.00279709
239 238 0.00279709
239 239 0.00559418
240 240 0.00530805
240 241 0.00265403
240 242 0.00265403
241 240 0.00265403
241 241 0.00530805
241 242 0.00265403
242 240 0.00265403
242 241 0.00265403
242 242 0.00530805
243 243 0.00415334
243 244 0.00207667
243 245 0.00207667
244 243 0.00207667
244 244 0.00415334
244 245 0.00207667
245 243 0.00207667
245 244 0.00207667
245 245 0.00415334
246 246 0.00655154
246 247 0.00327577
246 248 0.00327577
247 246 0.00327577
247 247 0.00655154
247 248 0.00327577
248 246 0.00327577
248 247 0.00327577
248 248 0.00655154
249 249 0.00456612
249 250 0.00228306
249 251 0.00228306
250 249 0.00228306
250 250 0.00456612
250 251 0.00228306
251 249 0.00228306
251 250 0.00228306
251 251 0.00456612
252 252 0.00566212
252 253 0.00283106
252 254 0.00283106
253 252 0.00283106
253 253 0.00566212
253 254 0.00283106
254 252 0.00283106
254 253 0.00283106
254 254 0.00566212
255 255 0.00429069
255 256 0.00214535
255 257 0.00214535
256 255 0.00214535
256 256 0.00429069
256 257 0.00214535
257 255 0.00214535
257 256 0.00214535
257 257 0.00429069
258 258 0.00440567
258 259 0.00220283
258 260 0.00220283
259 258 0.00220283
259 259 0.00440567
259 260 0.00220283
260 258 0.00220283
260 259 0.00220283
260 260 0.00440567
261 261 0.00564403
261 262 0.00282201
261 263 0.00282201
262 261 0.00282201
262 262 0.00564403
262 263 0.00282201
263 261 0.00282201
263 262 0.00282201
263 263 0.00564403
264 264 0.00647747
264 265 0.00323874
264 266 0.00323874
265 264 0.00323874
265 265 0.00647747
265 266 0.00323874
266 264 0.00323874
266 265 0.00323874
266 266 0.00647747
267 267 0.00339055
267 268 0.00169527
267 269 0.00169527
268 267 0.00169527
268 268 0.00339055
268 269 0.00169527
269 267 0.00169527
269 268 0.00169527
269 269 0.00339055
270 270 0.00542511
270 271 0.00271255
270 272 0.00271255
271 270 0.00271255
271 271 0.00542511
271 272 0.00271255
272 270 0.00271255
272 271 0.00271255
272 272 0.00542511
273 273 0.00488096
273 274 0.00244048
273 275 0.00244048
274 273 0.00244048
274 274 0.00488096
274 275 0.00244048
275 273 0.00244048
275 274 0.00244048
275 275 0.00488096
276 276 0.00710764
276 277 0.00355382
276 278 0.00355382
277 276 0.00355382
277 277 0.00710764
277 278 0.00355382
278 276 0.00355382
278 277 0.00355382
278 278 0.00710764
279 279 0.00531131
279 280 0.00265565
279 281 0.00265565
280 279 0.00265565
280 280 0.00531131
280 281 0.00265565
281 279 0.00265565
281 280 0.00265565
281 281 0.00531131
282 282 0.00644911
282 283 0.00322456
282 284 0.00322456
283 282 0.00322456
283 283 0.00644911
283 284 0.00322456
284 282 0.00322456
284 283 0.00322456
284 284 0.00644911
285 285 0.00622198
285 286 0.00311099
285 287 0.00311099
286 285 0.00311099
286 286 0.00622198
286 287 0.00311099
287 285 0.00311099
287 286 0.00311099
287 287 0.00622198
288 288 0.00506384
288 289 0.00253192
288 290 0.00253192
289 288 0.00253192
289 289 0.00506384
289 290 0.00253192
290 288 0.00253192
290 289 0.00253192
290 290 0.00506384
291 291 0.00716892
291 292 0.00358446
291 293 0.00358446
292 291 0.00358446
292 292 0.00716892
292 293 0.00358446
293 291 0.00358446
293 292 0.00358446
293 293 0.00716892
294 294 0.00727419
294 295 0.0036371
294 296 0.0036371
295 294 0.0036371
295 295 0.00727419
295 296 0.0036371
296 294 0.0036371
296 295 0.0036371
296 296 0.00727419
297 297 0.00357719
297 298 0.00178859
297 299 0.00178859
298 297 0.00178859
298 298 0.00357719
298 299 0.00178859
299 297 0.00178859
299 298 0.00178859
299 299 0.00357719
300 300 0.00600586
300 301 0.00300293
300 302 0.00300293
301 300 0.00300293
301 301 0.00600586
301 302 0.00300293
302 300 0.00300293
302 301 0.00300293
302 302 0.00600586
303 303 0.00616699
303 304 0.00308349
303 305 0.00308349
304 303 0.00308349
304 304 0.00616699
304 305 0.00308349
305 303 0.00308349
305 304 0.00308349
305 305 0.00616699
306 306 0.0035786
306 307 0.0017893
306 308 0.0017893
307 306 0.0017893
307 307 0.0035786
307 308 0.0017893
308 306 0.0017893
308 307 0.0017893
308 308 0.0035786
309 309 0.00647407
309 310 0.00323704
309 311 0.00323704
310 309 0.00323704
310 310 0.00647407
310 311 0.00323704
311 309 0.00323704
311 310 0.00323704
311 311 0.00647407
312 312 0.00404518
312 313 0.00202259
312 314 0.00202259
313 312 0.00202259
313 313 0.00404518
313 314 0.00202259
314 312 0.00202259
314 313 0.00202259
314 314 0.00404518
315 315 0.00607415
315 316 0.00303708
315 317 0.00303708
316 315 0.00303708
316 316 0.00607415
316 317 0.00303708
317 315 0.00303708
317 316 0.00303708
317 317 0.00607415
318 318 0.00719624
318 319 0.00359812
318 320 0.00359812
319 318 0.00359812
319 319 0.00719624
319 320 0.00359812
320 318 0.00359812
320 319 0.00359812
320 320 0.00719624
321 321 0.00667151
321 322 0.00333576
321 323 0.00333576
322 321 0.00333576
322 322 0.00667151
322 323 0.00333576
323 321 0.00333576
323 322 0.00333576
323 323 0.00667151
324 324 0.00486029
324 325 0.00243015
324 326 0.00243015
325 324 0.00243015
325 325 0.00486029
325 326 0.00243015
326 324 0.00243015
326 325 0.00243015
326 326 0.00486029
327 327 0.0074518
327 328 0.0037259
327 329 0.0037259
328 327 0.0037259
328 328 0.0074518
328 329 0.0037259
329 327 0.0037259
329 328 0.0037259
329 329 0.0074518
330 330 0.00511307
330 331 0.00255653
330 332 0.00255653
331 330 0.00255653
331 331 0.00511307
331 332 0.00255653
332 330 0.00255653
332 331 0.00255653
332 332 0.00511307
333 333 0.0072639
333 334 0.00363195
333 335 0.00363195
334 333 0.00363195
334 334 0.0072639
334 335 0.00363195
335 333 0.00363195
335 334 0.00363195
335 335 0.0072639
336 336 0.0058823
336 337 0.00294115
336 338 0.00294115
337 336 0.00294115
337 337 0.0058823
337 338 0.00294115
338 336 0.00294115
338 337 0.00294115
338 338 0.0058823
339 339 0.00668346
339 340 0.00334173
339 341 0.00334173
340 339 0.00334173
340 340 0.00668346
340 341 0.00334173
341 339 0.00334173
341 340 0.00334173
341 341 0.00668346
342 342 0.0053428
342 343 0.0026714
342 344 0.0026714
343 342 0.0026714
343 343 0.0053428
343 344 0.0026714
344 342 0.0026714
344 343 0.0026714
344 344 0.0053428
345 345 0.00768694
345 346 0.00384347
345 347 0.00384347
346 345 0.00384347
346 346 0.00768694
346 347 0.00384347
347 345 0.00384347
347 346 0.00384347
347 347 0.00768694
348 348 0.00667944
348 349 0.00333972
348 350 0.00333972
349 348 0.00333972
349 349 0.00667944
349 350 0.00333972
350 348 0.00333972
350 349 0.00333972
350 350 0.00667944
351 351 0.00748947
351 352 0.00374474
351 353 0.00374474
352 351 0.00374474
352 352 0.00748947
352 353 0.00374474
353 351 0.00374474
353 352 0.00374474
353 353 0.00748947
354 354 0.00641365
354 355 0.00320682
354 356 0.00320682
355 354 0.00320682
355 355 0.00641365
355 356 0.00320682
356 354 0.00320682
356 355 0.00320682
356 356 0.00641365
357 357 0.00774804
357 358 0.00387402
357 359 0.00387402
358 357 0.00387402
358 358 0.00774804
358 359 0.00387402
359 357 0.00387402
359 358 0.00387402
359 359 0.00774804
360 360 0.00589052
360 361 0.00294526
360 362 0.00294526
361 360 0.00294526
361 361 0.00589052
361 362 0.00294526
362 360 0.00294526
362 361 0.00294526
362 362 0.00589052
363 363 0.0061409
363 364 0.00307045
363 365 0.00307045
364 363 0.00307045
364 364 0.0061409
364 365 0.00307045
365 363 0.00307045
365 364 0.00307045
365 365 0.0061409
366 366 0.00520535
366 367 0.00260267
366 368 0.00260267
367 366 0.00260267
367 367 0.00520535
367 368 0.00260267
368 366 0.00260267
368 367 0.00260267
368 368 0.00520535
369 369 0.00516957
369 370 0.00258479
369 371 0.00258479
370 369 0.00258479
370 370 0.00516957
370 371 0.00258479
371 369 0.00258479
371 370 0.00258479
371 371 0.00516957
372 372 0.00489778
372 373 0.00244889
372 374 0.00244889
373 372 0.00244889
373 373 0.00489778
373 374 0.00244889
374 372 0.00244889
374 373 0.00244889
374 374 0.00489778
375 375 0.00454129
375 376 0.00227064
375 377 0.00227064
376 375 0.00227064
376 376 0.00454129
376 377 0.00227064
377 375 0.00227064
377 376 0.00227064
377 377 0.00454129
378 378 0.00613872
378 379 0.00306936
378 380 0.00306936
379 378 0.00306936
379 379 0.00613872
379 380 0.00306936
380 378 0.00306936
380 379 0.00306936
380 380 0.00613872
381 381 0.00623894
381 382 0.00311947
381 383 0.00311947
382 381 0.00311947
382 382 0.00623894
382 383 0.00311947
383 381 0.00311947
383 382 0.00311947
383 383 0.00623894
384 384 0.00450479
384 385 0.0022524
384 386 0.0022524
385 384 0.0022524
385 385 0.00450479
385 386 0.0022524
386 384 0.0022524
386 385 0.0022524
386 386 0.00450479
387 387 0.00729449
387 388 0.00364724
387 389 0.00364724
388 387 0.00364724
388 388 0.00729449
388 389 0.00364724
389 387 0.00364724
389 388 0.00364724
389 389 0.00729449
390 390 0.00573013
390 391 0.00286507
390 392 0.00286507
391 390 0.00286507
391 391 0.00573013
391 392 0.00286507
392 390 0.00286507
392 391 0.00286507
392 392 0.00573013
393 393 0.00600598
393 394 0.00300299
393 395 0.00300299
394 393 0.00300299
394 394 0.00600598
394 395 0.00300299
395 393 0.00300299
395 394 0.00300299
395 395 0.00600598
396 396 0.00516263
396 397 0.00258131
396 398 0.00258131
397 396 0.00258131
397 397 0.00516263
397 398 0.00258131
398 396 0.00258131
398 397 0.00258131
398 398 0.00516263
399 399 0.00483555
399 400 0.00241778
399 401 0.00241778
400 399 0.00241778
400 400 0.00483555
400 401 0.00241778
401 399 0.00241778
401 400 0.00241778
401 401 0.00483555
402 402 0.00542281
402 403 0.0027114
402 404 0.0027114
403 402 0.0027114
403 403 0.00542281
403 404 0.0027114
404 402 0.0027114
404 403 0.0027114
404 404 0.00542281
405 405 0.00457984
405 406 0.00228992
405 407 0.00228992
406 405 0.00228992
406 406 0.00457984
406 407 0.00228992
407 405 0.00228992
407 406 0.00228992
407 407 0.00457984
408 408 0.00476459
408 409 0.0023823
408 410 0.0023823
409 408 0.0023823
409 409 0.00476459
409 410 0.0023823
410 408 0.0023823
410 409 0.0023823
410 410 0.00476459
411 411 0.00455509
411 412 0.00227754
411 413 0.00227754
412 411 0.00227754
412 412 0.00455509
412 413 0.00227754
413 411 0.00227754
413 412 0.00227754
413 413 0.00455509
414 414 0.00577674
414 415 0.00288837
414 416 0.00288837
415 414 0.00288837
415 415 0.00577674
415 416 0.00288837
416 414 0.00288837
416 415 0.00288837
416 416 0.00577674
417 417 0.00566067
417 418 0.00283033
417 419 0.00283033
418 417 0.00283033
418 418 0.00566067
418 419 0.00283033
419 417 0.00283033
419 418 0.00283033
419 419 0.00566067
420 420 0.00517781
420 421 0.0025889
420 422 0.0025889
421 420 0.0025889
421 421 0.00517781
421 422 0.0025889
422 420 0.0025889
422 421 0.0025889
422 422 0.00517781
423 423 0.00522313
423 424 0.00261157
423 425 0.00261157
424 423 0.00261157
424 424 0.00522313
424 425 0.00261157
425 423 0.00261157
425 424 0.00261157
425 425 0.00522313
426 426 0.00689523
426 427 0.00344762
426 428 0.00344762
427 426 0.00344762
427 427 0.00689523
427 428 0.00344762
428 426 0.00344762
428 427 0.00344762
428 428 0.00689523
429 429 0.00572115
429 430 0.00286057
429 431 0.00286057
430 429 0.00286057
430 430 0.00572115
430 431 0.00286057
431 429 0.00286057
431 430 0.00286057
431 431 0.00572115
432 432 0.00466553
432 433 0.00233277
432 434 0.00233277
433 432 0.00233277
433 433 0.00466553
433 434 0.00233277
434 432 0.00233277
434 433 0.00233277
434 434 0.00466553
435 435 0.00450818
435 436 0.00225409
435 437 0.00225409
436 435 0.00225409
436 436 0.00450818
436 437 0.00225409
437 435 0.00225409
437 436 0.00225409
437 437 0.00450818
438 438 0.00550032
438 439 0.00275016
438 440 0.00275016
439 438 0.00275016
439 439 0.00550032
439 440 0.00275016
440 438 0.00275016
440 439 0.00275016
440 440 0.00550032
441 441 0.0080436
441 442 0.0040218
441 443 0.0040218
442 441 0.0040218
442 442 0.0080436
442 443 0.0040218
443 441 0.0040218
443 442 0.0040218
443 443 0.0080436
444 444 0.00405377
444 445 0.00202689
444 446 0.00202689
445 444 0.00202689
445 445 0.00405377
445 446 0.00202689
446 444 0.00202689
446 445 0.00202689
446 446 0.00405377
447 447 0.00628453
447 448 0.00314226
447 449 0.00314226
448 447 0.00314226
448 448 0.00628453
448 449 0.00314226
449 447 0.00314226
449 448 0.00314226
449 449 0.00628453
450 450 0.00829873
450 451 0.00414936
450 452 0.00414936
451 450 0.00414936
451 451 0.00829873
451 452 0.00414936
452 450 0.00414936
452 451 0.00414936
452 452 0.00829873
453 453 0.00737372
453 454 0.00368686
453 455 0.00368686
454 453 0.00368686
454 454 0.00737372
454 455 0.00368686
455 453 0.00368686
455 454 0.00368686
455 455 0.00737372
456 456 0.00652682
456 457 0.00326341
456 458 0.00326341
457 456 0.00326341
457 457 0.00652682
457 458 0.00326341
458 456 0.00326341
458 457 0.00326341
458 458 0.00652682
459 459 0.006106
459 460 0.003053
459 461 0.003053
460 459 0.003053
460 460 0.006106
460 461 0.003053
461 459 0.003053
461 460 0.003053
461 461 0.006106
462 462 0.00783119
462 463 0.00391559
462 464 0.00391559
463 462 0.00391559
463 463 0.00783119
463 464 0.00391559
464 462 0.00391559
464 463 0.00391559
464 464 0.00783119
465 465 0.00589274
465 466 0.00294637
465 467 0.00294637
466 465 0.00294637
466 466 0.00589274
466 467 0.00294637
467 465 0.00294637
467 466 0.00294637
467 467 0.00589274
468 468 0.00619305
468 469 0.00309653
468 470 0.00309653
469 468 0.00309653
469 469 0.00619305
469 470 0.00309653
470 468 0.00309653
470 469 0.00309653
470 470 0.00619305
471 471 0.00713137
471 472 0.00356569
471 473 0.00356569
472 471 0.00356569
472 472 0.00713137
472 473 0.00356569
473 471 0.00356569
473 472 0.00356569
473 473 0.00713137
474 474 0.00935794
474 475 0.00467897
474 476 0.00467897
475 474 0.00467897
475 475 0.00935794
475 476 0.00467897
476 474 0.00467897
476 475 0.00467897
476 476 0.00935794
477 477 0.00399517
477 478 0.00199758
477 479 0.00199758
478 477 0.00199758
478 478 0.00399517
478 479 0.00199758
479 477 0.00199758
479 478 0.00199758
479 479 0.00399517
480 480 0.00620536
480 481 0.00310268
480 482 0.00310268
481 480 0.00310268
481 481 0.00620536
481 482 0.00310268
482 480 0.00310268
482 481 0.00310268
482 482 0.00620536
483 483 0.00920948
483 484 0.00460474
483 485 0.00460474
484 483 0.00460474
484 484 0.00920948
484 485 0.00460474
485 483 0.00460474
485 484 0.00460474
485 485 0.00920948
486 486 0.00800445
486 487 0.00400223
486 488 0.00400223
487 486 0.00400223
487 487 0.00800445
487 488 0.00400223
488 486 0.00400223
488 487 0.00400223
488 488 0.00800445
489 489 0.00560135
489 490 0.00280068
489 491 0.00280068
490 489 0.00280068
490 490 0.00560135
490 491 0.00280068
491 489 0.00280068
491 490 0.00280068
491 491 0.00560135
492 492 0.0059551
492 493 0.00297755
492 494 0.00297755
493 492 0.00297755
493 493 0.0059551
493 494 0.00297755
494 492 0.00297755
494 493 0.00297755
494 494 0.0059551
495 495 0.00726203
495 496 0.00363102
495 497 0.00363102
496 495 0.00363102
496 496 0.00726203
496 497 0.00363102
497 495 0.00363102
497 496 0.00363102
497 497 0.00726203
498 498 0.00536578
498 499 0.00268289
498 500 0.00268289
499 498 0.00268289
499 499 0.00536578
499 500 0.00268289
500 498 0.00268289
500 499 0.00268289
500 500 0.00536578
501 501 0.00416983
501 502 0.00208491
501 503 0.00208491
502 501 0.00208491
502 502 0.00416983
502 503 0.00208491
503 501 0.00208491
503 502 0.00208491
503 503 0.00416983
504 504 0.0058793
504 505 0.00293965
504 506 0.00293965
505 504 0.00293965
505 505 0.0058793
505 506 0.00293965
506 504 0.00293965
506 505 0.00293965
506 506 0.0058793
507 507 0.00515531
507 508 0.00257765
507 509 0.00257765
508 507 0.00257765
508 508 0.00515531
508 509 0.00257765
509 507 0.00257765
509 508 0.00257765
509 509 0.00515531
510 510 0.00939531
510 511 0.00469765
510 512 0.00469765
511 510 0.00469765
511 511 0.00939531
511 512 0.00469765
512 510 0.00469765
512 511 0.00469765
512 512 0.00939531
513 513 0.00466073
513 514 0.00233037
513 515 0.00233037
514 513 0.00233037
514 514 0.00466073
514 515 0.00233037
515 513 0.00233037
515 514 0.00233037
515 515 0.00466073
516 516 0.00531652
516 517 0.00265826
516 518 0.00265826
517 516 0.00265826
517 517 0.00531652
517 518 0.00265826
518 516 0.00265826
518 517 0.00265826
518 518 0.00531652
519 519 0.00746944
519 520 0.00373472
519 521 0.00373472
520 519 0.00373472
520 520 0.00746944
520 521 0.00373472
521 519 0.00373472
521 520 0.00373472
521 521 0.00746944
522 522 0.00488065
522 523 0.00244032
522 524 0.00244032
523 522 0.00244032
523 523 0.00488065
523 524 0.00244032
524 522 0.00244032
524 523 0.00244032
524 524 0.00488065
525 525 0.00431594
525 526 0.00215797
525 527 0.00215797
526 525 0.00215797
526 526 0.00431594
526 527 0.00215797
527 525 0.00215797
527 526 0.00215797
527 527 0.00431594
528 528 0.00436865
528 529 0.00218433
528 530 0.00218433
529 528 0.00218433
529 529 0.00436865
529 530 0.00218433
530 528 0.00218433
530 529 0.00218433
530 530 0.00436865
531 531 0.00346209
531 532 0.00173105
531 533 0.00173105
532 531 0.00173105
532 532 0.00346209
532 533 0.00173105
533 531 0.00173105
533 532 0.00173105
533 533 0.00346209
534 534 0.00618263
534 535 0.00309132
534 536 0.00309132
535 534 0.00309132
535 535 0.00618263
535 536 0.00309132
536 534 0.00309132
536 535 0.00309132
536 536 0.00618263
537 537 0.00424858
537 538 0.00212429
537 539 0.00212429
538 537 0.00212429
538 538 0.00424858
538 539 0.00212429
539 537 0.00212429
539 538 0.00212429
539 539 0.00424858
540 540 0.00556252
540 541 0.00278126
540 542 0.00278126
541 540 0.00278126
541 541 0.00556252
541 542 0.00278126
542 540 0.00278126
542 541 0.00278126
542 542 0.00556252
543 543 0.00783566
543 544 0.00391783
543 545 0.00391783
544 543 0.00391783
544 544 0.00783566
544 545 0.00391783
545 543 0.00391783
545 544 0.00391783
545 545 0.00783566
546 546 0.00453422
546 547 0.00226711
546 548 0.00226711
547 546 0.00226711
547 547 0.00453422
547 548 0.00226711
548 546 0.00226711
548 547 0.00226711
548 548 0.00453422
549 549 0.00402237
549 550 0.00201118
549 551 0.00201118
550 549 0.00201118
550 550 0.00402237
550 551 0.00201118
551 549 0.00201118
551 550 0.00201118
551 551 0.00402237
552 552 0.0057331
552 553 0.00286655
552 554 0.00286655
553 552 0.00286655
553 553 0.0057331
553 554 0.00286655
554 552 0.00286655
554 553 0.00286655
554 554 0.0057331
555 555 0.0062309
555 556 0.00311545
555 557 0.00311545
556 555 0.00311545
556 556 0.0062309
556 557 0.00311545
557 555 0.00311545
557 556 0.00311545
557 557 0.0062309
558 558 0.00510115
558 559 0.00255058
558 560 0.00255058
559 558 0.00255058
559 559 0.00510115
559 560 0.00255058
560 558 0.00255058
560 559 0.00255058
560 560 0.00510115
561 561 0.00593967
561 562 0.00296983
561 563 0.00296983
562 561 0.00296983
562 562 0.00593967
562 563 0.00296983
563 561 0.00296983
563 562 0.00296983
563 563 0.00593967
564 564 0.00464757
564 565 0.00232378
564 566 0.00232378
565 564 0.00232378
565 565 0.00464757
565 566 0.00232378
566 564 0.00232378
566 565 0.00232378
566 566 0.00464757
567 567 0.0056992
567 568 0.0028496
567 569 0.0028496
568 567 0.0028496
568 568 0.0056992
568 569 0.0028496
569 567 0.0028496
569 568 0.0028496
569 569 0.0056992
570 570 0.0073025
570 571 0.00365125
570 572 0.00365125
571 570 0.00365125
571 571 0.0073025
571 572 0.00365125
572 570 0.00365125
572 571 0.00365125
572 572 0.0073025
573 573 0.00563056
573 574 0.00281528
573 575 0.00281528
574 573 0.00281528
574 574 0.00563056
574 575 0.00281528
575 573 0.00281528
575 574 0.00281528
575 575 0.00563056
576 576 0.0045291
576 577 0.00226455
576 578 0.00226455
577 576 0.00226455
577 577 0.0045291
577 578 0.00226455
578 576 0.00226455
578 577 0.00226455
578 578 0.0045291
579 579 0.00352154
579 580 0.00176077
579 581 0.00176077
580 579 0.00176077
580 580 0.00352154
580 581 0.00176077
581 579 0.00176077
581 580 0.00176077
581 581 0.00352154
582 582 0.00523502
582 583 0.00261751
582 584 0.00261751
583 582 0.00261751
583 583 0.00523502
583 584 0.00261751
584 582 0.00261751
584 583 0.00261751
584 584 0.00523502
585 585 0.00630118
585 586 0.00315059
585 587 0.00315059
586 585 0.00315059
586 586 0.00630118
586 587 0.00315059
587 585 0.00315059
587 586 0.00315059
587 587 0.00630118
588 588 0.00466153
588 589 0.00233076
588 590 0.00233076
589 588 0.00233076
589 589 0.00466153
589 590 0.00233076
590 588 0.00233076
590 589 0.00233076
590 590 0.00466153
591 591 0.00543834
591 592 0.00271917
591 593 0.00271917
592 591 0.00271917
592 592 0.00543834
592 593 0.00271917
593 591 0.00271917
593 592 0.00271917
593 593 0.00543834
594 594 0.00513961
594 595 0.0025698
594 596 0.0025698
595 594 0.0025698
595 595 0.00513961
595 596 0.0025698
596 594 0.0025698
596 595 0.0025698
596 596 0.00513961
597 597 0.00511858
597 598 0.00255929
597 599 0.00255929
598 597 0.00255929
598 598 0.00511858
598 599 0.00255929
599 597 0.00255929
599 598 0.00255929
599 599 0.00511858
600 600 0.00535982
600 601 0.00267991
600 602 0.00267991
601 600 0.00267991
601 601 0.00535982
601 602 0.00267991
602 600 0.00267991
602 601 0.00267991
602 602 0.00535982
603 603 0.00452209
603 604 0.00226104
603 605 0.00226104
604 603 0.00226104
604 604 0.00452209
604 605 0.00226104
605 603 0.00226104
605 604 0.00226104
605 605 0.00452209
606 606 0.00429226
606 607 0.00214613
606 608 0.00214613
607 606 0.00214613
607 607 0.00429226
607 608 0.00214613
608 606 0.00214613
608 607 0.00214613
608 608 0.00429226
609 609 0.00597258
609 610 0.00298629
609 611 0.00298629
610 609 0.00298629
610 610 0.00597258
610 611 0.00298629
611 609 0.00298629
611 610 0.00298629
611 611 0.00597258
612 612 0.00715645
612 613 0.00357823
612 614 0.00357823
613 612 0.00357823
613 613 0.00715645
613 614 0.00357823
614 612 0.00357823
614 613 0.00357823
614 614 0.00715645
615 615 0.00525301
615 616 0.00262651
615 617 0.00262651
616 615 0.00262651
616 616 0.00525301
616 617 0.00262651
617 615 0.00262651
617 616 0.00262651
617 617 0.00525301
618 618 0.00566628
618 619 0.00283314
618 620 0.00283314
619 618 0.00283314
619 619 0.00566628
619 620 0.00283314
620 618 0.00283314
620 619 0.00283314
620 620 0.00566628
621 621 0.00450455
621 622 0.00225228
621 623 0.00225228
622 621 0.00225228
622 622 0.00450455
622 623 0.00225228
623 621 0.00225228
623 622 0.00225228
623 623 0.00450455
624 624 0.00520828
624 625 0.00260414
624 626 0.00260414
625 624 0.00260414
625 625 0.00520828
625 626 0.00260414
626 624 0.00260414
626 625 0.00260414
626 626 0.00520828
627 627 0.00519542
627 628 0.00259771
627 629 0.00259771
628 627 0.00259771
628 628 0.00519542
628 629 0.00259771
629 627 0.00259771
629 628 0.00259771
629 629 0.00519542
630 630 0.00471428
630 631 0.00235714
630 632 0.00235714
631 630 0.00235714
631 631 0.00471428
631 632 0.00235714
632 630 0.00235714
632 631 0.00235714
632 632 0.00471428
633 633 0.00601361
633 634 0.0030068
633 635 0.0030068
634 633 0.0030068
634 634 0.00601361
634 635 0.0030068
635 633 0.0030068
635 634 0.0030068
635 635 0.00601361
636 636 0.00505347
636 637 0.00252674
636 638 0.00252674
637 636 0.00252674
637 637 0.00505347
637 638 0.00252674
638 636 0.00252674
638 637 0.00252674
638 638 0.00505347
639 639 0.00393735
639 640 0.00196868
639 641 0.00196868
640 639 0.00196868
640 640 0.00393735
640 641 0.00196868
641 639 0.00196868
641 640 0.00196868
641 641 0.00393735
642 642 0.00525301
642 643 0.00262651
642 644 0.00262651
643 642 0.00262651
643 643 0.00525301
643 644 0.00262651
644 642 0.00262651
644 643 0.00262651
644 644 0.00525301
645 645 0.00388245
645 646 0.00194123
645 647 0.00194123
646 645 0.00194123
646 646 0.00388245
646 647 0.00194123
647 645 0.00194123
647 646 0.00194123
647 647 0.00388245
648 648 0.00448513
648 649 0.00224257
648 650 0.00224257
649 648 0.00224257
649 649 0.00448513
649 650 0.00224257
650 648 0.00224257
650 649 0.00224257
650 650 0.00448513
651 651 0.00518373
651 652 0.00259186
651 653 0.00259186
652 651 0.00259186
652 652 0.00518373
652 653 0.00259186
653 651 0.00259186
653 652 0.00259186
653 653 0.00518373
654 654 0.00709991
654 655 0.00354996
654 656 0.00354996
655 654 0.00354996
655 655 0.00709991
655 656 0.00354996
656 654 0.00354996
656 655 0.00354996
656 656 0.00709991
657 657 0.00628935
657 658 0.00314468
657 659 0.00314468
658 657 0.00314468
658 658 0.00628935
658 659 0.00314468
659 657 0.00314468
659 658 0.00314468
659 659 0.00628935
660 660 0.0036212
660 661 0.0018106
660 662 0.0018106
661 660 0.0018106
661 661 0.0036212
661 662 0.0018106
662 660 0.0018106
662 661 0.0018106
662 662 0.0036212
663 663 0.00485503
663 664 0.00242751
663 665 0.00242751
664 663 0.00242751
664 664 0.00485503
664 665 0.00242751
665 663 0.00242751
665 664 0.00242751
665 665 0.00485503
666 666 0.00543469
666 667 0.00271735
666 668 0.00271735
667 666 0.00271735
667 667 0.00543469
667 668 0.00271735
668 666 0.00271735
668 667 0.00271735
668 668 0.00543469
669 669 0.00690898
669 670 0.00345449
669 671 0.00345449
670 669 0.00345449
670 670 0.00690898
670 671 0.00345449
671 669 0.00345449
671 670 0.00345449
671 671 0.00690898
672 672 0.00465041
672 673 0.0023252
672 674 0.0023252
673 672 0.0023252
673 673 0.00465041
673 674 0.0023252
674 672 0.0023252
674 673 0.0023252
674 674 0.00465041
675 675 0.0051841
675 676 0.00259205
675 677 0.00259205
676 675 0.00259205
676 676 0.0051841
676 677 0.00259205
677 675 0.00259205
677 676 0.00259205
677 677 0.0051841
678 678 0.00528187
678 679 0.00264093
678 680 0.00264093
679 678 0.00264093
679 679 0.00528187
679 680 0.00264093
680 678 0.00264093
680 679 0.00264093
680 680 0.00528187
681 681 0.00768372
681 682 0.00384186
681 683 0.00384186
682 681 0.00384186
682 682 0.00768372
682 683 0.00384186
683 681 0.00384186
683 682 0.00384186
683 683 0.00768372
684 684 0.00375394
684 685 0.00187697
684 686 0.00187697
685 684 0.00187697
685 685 0.00375394
685 686 0.00187697
686 684 0.00187697
686 685 0.00187697
686 686 0.00375394
687 687 0.00614832
687 688 0.00307416
687 689 0.00307416
688 687 0.00307416
688 688 0.00614832
688 689 0.00307416
689 687 0.00307416
689 688 0.00307416
689 689 0.00614832
690 690 0.00429834
690 691 0.00214917
690 692 0.00214917
691 690 0.00214917
691 691 0.00429834
691 692 0.00214917
692 690 0.00214917
692 691 0.00214917
692 692 0.00429834
693 693 0.00456494
693 694 0.00228247
693 695 0.00228247
694 693 0.00228247
694 694 0.00456494
694 695 0.00228247
695 693 0.00228247
695 694 0.00228247
695 695 0.00456494
696 696 0.00529802
696 697 0.00264901
696 698 0.00264901
697 696 0.00264901
697 697 0.00529802
697 698 0.00264901
698 696 0.00264901
698 697 0.00264901
698 698 0.00529802
699 699 0.00541837
699 700 0.00270918
699 701 0.00270918
700 699 0.00270918
700 700 0.00541837
700 701 0.00270918
701 699 0.00270918
701 700 0.00270918
701 701 0.00541837
702 702 0.00645512
702 703 0.00322756
702 704 0.00322756
703 702 0.00322756
703 703 0.00645512
703 704 0.00322756
704 702 0.00322756
704 703 0.00322756
704 704 0.00645512
705 705 0.00690832
705 706 0.00345416
705 707 0.00345416
706 705 0.00345416
706 706 0.00690832
706 707 0.00345416
707 705 0.00345416
707 706 0.00345416
707 707 0.00690832
708 708 0.00569462
708 709 0.00284731
708 710 0.00284731
709 708 0.00284731
709 709 0.00569462
709 710 0.00284731
710 708 0.00284731
710 709 0.00284731
710 710 0.00569462
711 711 0.00419487
711 712 0.00209743
711 713 0.00209743
712 711 0.00209743
712 712 0.00419487
712 713 0.00209743
713 711 0.00209743
713 712 0.00209743
713 713 0.00419487
714 714 0.00623292
714 715 0.00311646
714 716 0.00311646
715 714 0.00311646
715 715 0.00623292
715 716 0.00311646
716 714 0.00311646
716 715 0.00311646
716 716 0.00623292
717 717 0.00720007
