3580 3580 61712
0 0 -0.000874735
0 1 -0.0056457
0 2 -0.0309896
0 3 -0.0056457
0 20 -0.0090211
0 21 -0.0201355
0 22 0.0111145
0 23 0.015625
0 24 0.015625
0 25 0.015625
0 26 0.015625
0 27 0
1 0 -0.0056457
1 1 0.0602297
1 2 -0.0056457
1 3 0.0509482
1 20 -0.0201355
1 21 -0.0402711
1 22 -0.00451055
1 23 0.015625
1 24 -0.0243732
1 25 -0.0153177
1 26 -0.0204085
1 27 0.0108071
2 0 -0.0309896
2 1 -0.0056457
2 2 -0.000874735
2 3 -0.0056457
2 20 0.015625
2 21 0.015625
2 22 0.015625
2 23 0
2 24 -0.00423763
2 25 -0.00420321
2 26 -0.00478346
2 27 0.0108071
3 0 -0.0056457
3 1 0.0509482
3 2 -0.0056457
3 3 0.0602297
3 20 -0.0201355
3 21 -0.0357605
3 22 -0.0090211
3 23 0.015625
3 24 -0.0198626
3 25 -0.0153177
3 26 -0.024919
3 27 0.0108071
4 4 -0.000874735
4 5 -0.0309896
4 6 -0.0056457
4 7 -0.0056457
4 32 -0.0090211
4 33 0.0111145
4 34 -0.0201355
4 35 0.015625
4 36 0.015625
4 37 0.015625
4 38 0.015625
4 39 0
5 4 -0.0309896
5 5 -0.000874736
5 6 -0.0056457
5 7 -0.0056457
5 32 0.015625
5 33 0.015625
5 34 0.015625
5 35 0
5 36 -0.00420321
5 37 -0.00478346
5 38 -0.00423763
5 39 0.0108071
6 4 -0.0056457
6 5 -0.0056457
6 6 0.0602297
6 7 0.0509482
6 32 -0.0201355
6 33 -0.0090211
6 34 -0.0357605
6 35 0.015625
6 36 -0.0153177
6 37 -0.024919
6 38 -0.0198626
6 39 0.0108071
7 4 -0.0056457
7 5 -0.0056457
7 6 0.0509482
7 7 0.0602297
7 32 -0.0201355
7 33 -0.00451055
7 34 -0.0402711
7 35 0.015625
7 36 -0.0153177
7 37 -0.0204085
7 38 -0.0243732
7 39 0.0108071
8 8 0.0837485
8 9 0.00297647
8 10 0.0565341
8 11 -0.00499852
8 56 -0.0424837
8 57 -0.0163362
8 58 -0.0230681
8 59 0.0158297
8 60 -0.0356517
8 61 -0.0262576
8 62 -0.0259977
8 63 0.0175552
9 8 0.00297647
9 9 0.00800585
9 10 -0.00104601
9 11 -0.0381909
9 56 0.0158297
9 57 0.0158297
9 58 0.0158297
9 59 0
9 60 -0.0115102
9 61 -0.0150872
9 62 -0.0083418
9 63 0.0175552
10 8 0.0565341
10 9 -0.00104601
10 10 0.0538553
10 11 -0.0159226
10 56 -0.0261474
10 57 -0.0108243
10 58 -0.012144
10 59 0.0158297
10 60 -0.0251437
10 61 -0.0222351
10 62 -0.0284608
10 63 0.0175552
11 8 -0.00499852
11 9 -0.0381909
11 10 -0.0159226
11 11 0.00585908
11 56 -0.0194156
11 57 0.00131968
11 58 -0.0108243
11 59 0.0158297
11 60 0.0227313
11 61 0.0227313
11 62 0.0227313
11 63 0
12 12 0.0742715
12 13 0.000158238
12 14 0.0537504
12 15 -0.00543379
12 48 -0.0402326
12 49 -0.0121521
12 50 -0.0218336
12 51 0.0151439
12 60 -0.0314665
12 61 -0.0207134
12 62 0.0136249
12 63 -0.0234841
13 12 0.000158238
13 13 0.00448109
13 14 -0.00217054
13 15 -0.0348121
13 48 0.0151439
13 49 0.0151439
13 50 0.0151439
13 51 0
13 60 -0.00889177
13 61 -0.00956584
13 62 0.0136249
13 63 -0.00662296
14 12 0.0537504
14 13 -0.00217054
14 14 0.0552546
14 15 -0.0126134
14 48 -0.0280805
14 49 -0.00994491
14 50 -0.014654
14 51 0.0151439
14 60 -0.0234242
14 61 -0.0183846
14 62 0.0136249
14 63 -0.026869
15 12 -0.00543379
15 13 -0.0348121
15 14 -0.0126134
15 15 0.00299878
15 48 -0.018399
15 49 0.00470906
15 50 -0.00994491
15 51 0.0151439
15 60 0.0199947
15 61 0.0199947
15 62 0
15 63 0.0199947
16 16 0.00800279
16 17 0.00297562
16 18 -0.0381849
16 19 -0.00103479
16 24 0.0223346
16 25 -0.0199778
16 26 -0.0111686
16 27 -0.00856688
16 72 0.0158232
16 73 0.0158232
16 74 0.0158232
16 75 0
17 16 0.00297562
17 17 0.0837182
17 18 -0.00500711
17 19 0.0565247
17 24 0.0223346
17 25 -0.0311438
17 26 -0.0353032
17 27 -0.0262172
17 72 -0.0424664
17 73 -0.0230603
17 74 -0.0163288
17 75 0.0158232
18 16 -0.0381849
18 17 -0.00500711
18 18 0.00585414
18 19 -0.0159259
18 24 0
18 25 0.0227316
18 26 0.0227316
18 27 0.0227316
18 72 -0.0194061
18 73 -0.01082
18 74 0.00132148
18 75 0.0158232
19 16 -0.00103479
19 17 0.0565247
19 18 -0.0159259
19 19 0.0538597
19 24 0.0223346
19 25 -0.0271333
19 26 -0.0248085
19 27 -0.028691
19 72 -0.0261376
19 73 -0.0121414
19 74 -0.01082
19 75 0.0158232
20 0 -0.0090211
20 1 -0.0201355
20 2 0.015625
20 3 -0.0201355
20 20 0.03469
20 21 -0.026479
20 22 0.0121367
20 23 -0.00279055
20 76 -0.0147314
20 77 -0.028199
20 78 -0.0073657
20 79 0.0208333
20 80 0.015625
20 81 0.015625
20 82 0
20 83 0.015625
21 0 -0.0201355
21 1 -0.0402711
21 2 0.015625
21 3 -0.0357605
21 20 -0.026479
21 21 0.0602297
21 22 -0.0115518
21 23 -0.0473124
21 76 0.0416667
21 77 0.0416667
21 78 0.0416667
21 79 0
21 80 -0.0147374
21 81 -0.0099918
21 82 0.0108071
21 83 -0.0041201
22 0 0.0111145
22 1 -0.00451055
22 2 0.015625
22 3 -0.0090211
22 20 0.0121367
22 21 -0.0115518
22 22 0.0749611
22 23 0.0538033
22 76 -0.028199
22 77 -0.0563981
22 78 -0.028199
22 79 0.0208333
22 80 -0.0206435
22 81 -0.024919
22 82 0.0108071
22 83 -0.0145368
23 0 0.015625
23 1 0.015625
23 2 0
23 3 0.015625
23 20 -0.00279055
23 21 -0.0473124
23 22 0.0538033
23 23 0.0763567
23 76 -0.028199
23 77 -0.0490324
23 78 -0.0355647
23 79 0.0208333
23 80 -0.0154352
23 81 -0.0152001
23 82 0.0108071
23 83 -0.013839
24 0 0.015625
24 1 -0.0243732
24 2 -0.00423763
24 3 -0.0198626
24 16 0.0223346
24 17 0.0223346
24 18 0
24 19 0.0223346
24 24 0.0798649
24 25 -0.00827674
24 26 -0.00403663
24 27 0.00321648
24 80 -0.0524907
24 81 -0.0061703
24 82 -0.0156221
24 83 0.0200948
24 84 -0.0359811
24 85 -0.011183
24 86 -0.0241564
24 87 0.0224682
25 0 0.015625
25 1 -0.0153177
25 2 -0.00420321
25 3 -0.0153177
25 16 -0.0199778
25 17 -0.0311438
25 18 0.0227316
25 19 -0.0271333
25 24 -0.00827674
25 25 0.0760527
25 26 -0.00831323
25 27 0.0126402
25 80 0.0200948
25 81 0.0200948
25 82 0.0200948
25 83 0
25 84 -0.0317261
25 85 -0.0200484
25 86 -0.0264616
25 87 0.0224682
26 0 0.015625
26 1 -0.0204085
26 2 -0.00478346
26 3 -0.024919
26 16 -0.0111686
26 17 -0.0353032
26 18 0.0227316
26 19 -0.0248085
26 24 -0.00403663
26 25 -0.00831323
26 26 0.0807652
26 27 0.0020489
26 80 -0.0463204
26 81 -0.0123012
26 82 -0.0156024
26 83 0.0200948
26 84 0.0228607
26 85 0.0228607
26 86 0.0228607
26 87 0
27 0 0
27 1 0.0108071
27 2 0.0108071
27 3 0.0108071
27 16 -0.00856688
27 17 -0.0262172
27 18 0.0227316
27 19 -0.028691
27 24 0.00321648
27 25 0.0126402
27 26 0.0020489
27 27 0.0607575
27 80 -0.0368685
27 81 0.00330127
27 82 -0.0123012
27 83 0.0200948
27 84 -0.027365
27 85 -0.00912715
27 86 -0.0286607
27 87 0.0224682
28 28 0.00800279
28 29 0.00297562
28 30 -0.0381849
28 31 -0.00103479
28 36 -0.0199778
28 37 -0.0111686
28 38 0.0223346
28 39 -0.00856688
28 96 0.0158232
28 97 0.0158232
28 98 0.0158232
28 99 0
29 28 0.00297562
29 29 0.0837182
29 30 -0.00500711
29 31 0.0565247
29 36 -0.0311438
29 37 -0.0353032
29 38 0.0223346
29 39 -0.0262172
29 96 -0.0424664
29 97 -0.0230603
29 98 -0.0163288
29 99 0.0158232
30 28 -0.0381849
30 29 -0.00500711
30 30 0.00585414
30 31 -0.0159259
30 36 0.0227316
30 37 0.0227316
30 38 0
30 39 0.0227316
30 96 -0.0194061
30 97 -0.01082
30 98 0.00132148
30 99 0.0158232
31 28 -0.00103479
31 29 0.0565247
31 30 -0.0159259
31 31 0.0538597
31 36 -0.0271333
31 37 -0.0248085
31 38 0.0223346
31 39 -0.028691
31 96 -0.0261376
31 97 -0.0121414
31 98 -0.01082
31 99 0.0158232
32 4 -0.0090211
32 5 0.015625
32 6 -0.0201355
32 7 -0.0201355
32 32 0.03469
32 33 0.0121367
32 34 -0.026479
32 35 -0.00279055
32 92 -0.0147314
32 93 -0.028199
32 94 -0.0073657
32 95 0.0208333
32 100 0.015625
32 101 0.015625
32 102 0.015625
32 103 0
33 4 0.0111145
33 5 0.015625
33 6 -0.0090211
33 7 -0.00451055
33 32 0.0121367
33 33 0.0749611
33 34 -0.0115518
33 35 0.0538033
33 92 -0.028199
33 93 -0.0563981
33 94 -0.028199
33 95 0.0208333
33 100 -0.024919
33 101 -0.0206435
33 102 -0.0145368
33 103 0.0108071
34 4 -0.0201355
34 5 0.015625
34 6 -0.0357605
34 7 -0.0402711
34 32 -0.026479
34 33 -0.0115518
34 34 0.0602297
34 35 -0.0473124
34 92 0.0416667
34 93 0.0416667
34 94 0.0416667
34 95 0
34 100 -0.0099918
34 101 -0.0147374
34 102 -0.0041201
34 103 0.0108071
35 4 0.015625
35 5 0
35 6 0.015625
35 7 0.015625
35 32 -0.00279055
35 33 0.0538033
35 34 -0.0473124
35 35 0.0763567
35 92 -0.028199
35 93 -0.0490324
35 94 -0.0355647
35 95 0.0208333
35 100 -0.0152001
35 101 -0.0154352
35 102 -0.013839
35 103 0.0108071
36 4 0.015625
36 5 -0.00420321
36 6 -0.0153177
36 7 -0.0153177
36 28 -0.0199778
36 29 -0.0311438
36 30 0.0227316
36 31 -0.0271333
36 36 0.0760527
36 37 -0.00831323
36 38 -0.00827674
36 39 0.0126402
36 100 0.0200948
36 101 0.0200948
36 102 0
36 103 0.0200948
36 104 -0.0200484
36 105 -0.0317261
36 106 -0.0264616
36 107 0.0224682
37 4 0.015625
37 5 -0.00478346
37 6 -0.024919
37 7 -0.0204085
37 28 -0.0111686
37 29 -0.0353032
37 30 0.0227316
37 31 -0.0248085
37 36 -0.00831323
37 37 0.0807652
37 38 -0.00403663
37 39 0.0020489
37 100 -0.0123012
37 101 -0.0463204
37 102 0.0200948
37 103 -0.0156024
37 104 0.0228607
37 105 0.0228607
37 106 0.0228607
37 107 0
38 4 0.015625
38 5 -0.00423763
38 6 -0.0198626
38 7 -0.0243732
38 28 0.0223346
38 29 0.0223346
38 30 0
38 31 0.0223346
38 36 -0.00827674
38 37 -0.00403663
38 38 0.0798649
38 39 0.00321648
38 100 -0.0061703
38 101 -0.0524907
38 102 0.0200948
38 103 -0.0156221
38 104 -0.011183
38 105 -0.0359811
38 106 -0.0241564
38 107 0.0224682
39 4 0
39 5 0.0108071
39 6 0.0108071
39 7 0.0108071
39 28 -0.00856688
39 29 -0.0262172
39 30 0.0227316
39 31 -0.028691
39 36 0.0126402
39 37 0.0020489
39 38 0.00321648
39 39 0.0607575
39 100 0.00330127
39 101 -0.0368685
39 102 0.0200948
39 103 -0.0123012
39 104 -0.00912715
39 105 -0.027365
39 106 -0.0286607
39 107 0.0224682
40 40 0.00299878
40 41 -0.0348121
40 42 -0.0126134
40 43 -0.00543379
40 64 -0.0220647
40 65 0.0227544
40 66 -0.0210693
40 67 0.0118887
40 108 0.0199947
40 109 0.0199947
40 110 0.0199947
40 111 0
41 40 -0.0348121
41 41 0.00448109
41 42 -0.00217054
41 43 0.000158238
41 64 0.0151439
41 65 0
41 66 0.0151439
41 67 0.0151439
41 108 -0.0114087
41 109 -0.00666461
41 110 -0.00883796
41 111 0.0154556
42 40 -0.0126134
42 41 -0.00217054
42 42 0.0552546
42 43 0.0537504
42 64 -0.0267738
42 65 0.0227544
42 66 -0.0357233
42 67 0.0022072
42 108 -0.0202275
42 109 -0.0269106
42 110 -0.0233704
42 111 0.0154556
43 40 -0.00543379
43 41 0.000158238
43 42 0.0537504
43 43 0.0742715
43 64 -0.0339535
43 65 0.0227544
43 66 -0.0379305
43 67 -0.00994491
43 108 -0.0225563
43 109 -0.0235258
43 110 -0.0314127
43 111 0.0154556
44 44 0.00303226
44 45 -0.0348477
44 46 -0.00541669
44 47 -0.0126397
44 52 -0.00995814
44 53 -0.018418
44 54 0.00467303
44 55 0.015157
44 108 0.0200178
44 109 0
44 110 0.0200178
44 111 0.0200178
45 44 -0.0348477
45 45 0.00451819
45 46 0.000187124
45 47 -0.002175
45 52 0.015157
45 53 0.015157
45 54 0.015157
45 55 0
45 108 -0.0114626
45 109 0.0155013
45 110 -0.00887403
45 111 -0.00668257
46 44 -0.00541669
46 45 0.000187124
46 46 0.0743965
46 47 0.0537832
46 52 -0.0218541
46 53 -0.0402721
46 54 -0.012202
46 55 0.015157
46 108 -0.0226157
46 109 0.0155013
46 110 -0.0314711
46 111 -0.0235576
47 44 -0.0126397
47 45 -0.002175
47 46 0.0537832
47 47 0.0552263
47 52 -0.0146312
47 53 -0.0280701
47 54 -0.00995814
47 55 0.015157
47 108 -0.0202535
47 109 0.0155013
47 110 -0.023387
47 111 -0.0269176
48 12 -0.0402326
48 13 0.0151439
48 14 -0.0280805
48 15 -0.018399
48 48 0.0674023
48 49 0.00409966
48 50 -0.0281223
48 51 -0.0342941
48 88 0.0344523
48 89 0.0344523
48 90 0
48 91 0.0344523
48 116 -0.0277438
48 117 0.0136249
48 118 -0.0158849
48 119 -0.00923773
49 12 -0.0121521
49 13 0.0151439
49 14 -0.00994491
49 15 0.00470906
49 48 0.00409966
49 49 0.0702546
49 50 0.00794813
49 51 0.0419187
49 88 -0.044323
49 89 -0.0275878
49 90 0.0258831
49 91 -0.0192638
49 116 -0.0273006
49 117 0.0136249
49 118 -0.026869
49 119 -0.0145082
50 12 -0.0218336
50 13 0.0151439
50 14 -0.014654
50 15 -0.00994491
50 48 -0.0281223
50 49 0.00794813
50 50 0.0441219
50 51 -0.00462354
50 88 -0.0305215
50 89 -0.0287863
50 90 0.0258831
50 91 -0.0129624
50 116 0.0199947
50 117 0
50 118 0.0199947
50 119 0.0199947
51 12 0.0151439
51 13 0
51 14 0.0151439
51 15 0.0151439
51 48 -0.0342941
51 49 0.0419187
51 50 -0.00462354
51 51 0.0691319
51 88 -0.0422853
51 89 -0.0330502
51 90 0.0258831
51 91 -0.0322262
51 116 -0.0203674
51 117 0.0136249
51 118 -0.0142222
51 119 -0.0132886
52 44 -0.00995814
52 45 0.015157
52 46 -0.0218541
52 47 -0.0146312
52 52 0.044217
52 53 -0.0281505
52 54 0.00795269
52 55 -0.00460651
52 120 0.0200178
52 121 0.0200178
52 122 0.0200178
52 123 0
52 124 0.0259285
52 125 -0.0288389
52 126 -0.0306214
52 127 -0.0130122
53 44 -0.018418
53 45 0.015157
53 46 -0.0402721
53 47 -0.0280701
53 52 -0.0281505
53 53 0.0675241
53 54 0.00416501
53 55 -0.0342708
53 120 0.00889517
53 121 -0.029276
53 122 -0.0310694
53 123 0.0120474
53 124 0
53 125 0.0344579
53 126 0.0344579
53 127 0.0344579
54 44 0.00467303
54 45 0.015157
54 46 -0.012202
54 47 -0.00995814
54 52 0.00795269
54 53 0.00416501
54 54 0.070241
54 55 0.0418655
54 120 0.0093992
54 121 -0.0402161
54 122 -0.0362874
54 123 0.0120474
54 124 0.0259285
54 125 -0.0275507
54 126 -0.044348
54 127 -0.0192314
55 44 0.015157
55 45 0
55 46 0.015157
55 47 0.015157
55 52 -0.00460651
55 53 -0.0342708
55 54 0.0418655
55 55 0.069151
55 120 0.016332
55 121 -0.0275612
55 122 -0.0350766
55 123 0.0120474
55 124 0.0259285
55 125 -0.0330556
55 126 -0.0423455
55 127 -0.0322436
56 8 -0.0424837
56 9 0.0158297
56 10 -0.0261474
56 11 -0.0194156
56 56 0.0764435
56 57 0.0114111
56 58 -0.0309525
56 59 -0.0307358
56 116 -0.0398839
56 117 -0.0202924
56 118 0.0175552
56 119 -0.0106146
56 124 0.0337123
56 125 0.0337123
56 126 0
56 127 0.0337123
57 8 -0.0163362
57 9 0.0158297
57 10 -0.0108243
57 11 0.00131968
57 56 0.0114111
57 57 0.0696517
57 58 0.00677881
57 59 0.037172
57 116 -0.0350813
57 117 -0.0284608
57 118 0.0175552
57 119 -0.0122975
57 124 -0.0411639
57 125 -0.0267458
57 126 0.0286986
57 127 -0.0156565
58 8 -0.0230681
58 9 0.0158297
58 10 -0.012144
58 11 -0.0108243
58 56 -0.0309525
58 57 0.00677881
58 58 0.0512619
58 59 -0.00433871
58 116 0.0227313
58 117 0.0227313
58 118 0
58 119 0.0227313
58 124 -0.0346053
58 125 -0.0359836
58 126 0.0286986
58 127 -0.0169961
59 8 0.0158297
59 9 0
59 10 0.0158297
59 11 0.0158297
59 56 -0.0307358
59 57 0.037172
59 58 -0.00433871
59 59 0.0689253
59 116 -0.0271532
59 117 -0.0140472
59 118 0.0175552
59 119 -0.0108549
59 124 -0.0423636
59 125 -0.0358437
59 126 0.0286986
59 127 -0.0326525
60 8 -0.0356517
60 9 -0.0115102
60 10 -0.0251437
60 11 0.0227313
60 12 -0.0314665
60 13 -0.00889177
60 14 -0.0234242
60 15 0.0199947
60 60 0.0984672
60 61 -0.0163874
60 62 0.000176487
60 63 -0.00239468
60 116 -0.0572144
60 117 -0.0197619
60 118 -0.0167313
60 119 0.0214399
60 128 0.029388
60 129 0.029388
60 130 0.029388
60 131 0
61 8 -0.0262576
61 9 -0.0150872
61 10 -0.0222351
61 11 0.0227313
61 12 -0.0207134
61 13 -0.00956584
61 14 -0.0183846
61 15 0.0199947
61 60 -0.0163874
61 61 0.085019
61 62 0.0114796
61 63 0.00464645
61 116 0.0214399
61 117 0.0214399
61 118 0.0214399
61 119 0
61 128 -0.0319015
61 129 -0.0359276
61 130 -0.0377935
61 131 0.028459
62 8 -0.0259977
62 9 -0.0083418
62 10 -0.0284608
62 11 0.0227313
62 12 0.0136249
62 13 0.0136249
62 14 0.0136249
62 15 0
62 60 0.000176487
62 61 0.0114796
62 62 0.0722965
62 63 0.00661984
62 116 -0.0374525
62 117 -0.0143346
62 118 -0.00413669
62 119 0.0214399
62 128 -0.0159552
62 129 -0.0367638
62 130 -0.0302384
62 131 0.028459
63 8 0.0175552
63 9 0.0175552
63 10 0.0175552
63 11 0
63 12 -0.0234841
63 13 -0.00662296
63 14 -0.026869
63 15 0.0199947
63 60 -0.00239468
63 61 0.00464645
63 62 0.00661984
63 63 0.0786131
63 116 -0.040483
63 117 -0.0101979
63 118 -0.0143346
63 119 0.0214399
63 128 -0.0168548
63 129 -0.0292721
63 130 -0.0395293
63 131 0.028459
64 40 -0.0220647
64 41 0.0151439
64 42 -0.0267738
64 43 -0.0339535
64 64 0.0375201
64 65 -0.0288
64 66 -0.00973945
64 67 -0.00331441
64 68 0.00184356
64 69 -0.00152948
64 70 -0.0144999
64 71 0.0158232
64 132 0.0238104
64 133 0.0238104
64 134 0.0238104
64 135 0
65 40 0.0227544
65 41 0
65 42 0.0227544
65 43 0.0227544
65 64 -0.0288
65 65 0.0930595
65 66 -0.036225
65 67 0.0542229
65 68 -0.0204021
65 69 -0.0345951
65 70 -0.0421554
65 71 0.0158232
65 132 -0.0335985
65 133 -0.0212138
65 134 -0.0212283
65 135 0.00793617
66 40 -0.0210693
66 41 0.0151439
66 42 -0.0357233
66 43 -0.0379305
66 64 -0.00973945
66 65 -0.036225
66 66 0.0448273
66 67 -0.00193265
66 68 0.0269348
66 69 0.0269348
66 70 0.0269348
66 71 0
66 132 -0.00483341
66 133 -0.00262182
66 134 0.00245029
66 135 0.00793617
67 40 0.0118887
67 41 0.0151439
67 42 0.0022072
67 43 -0.00994491
67 64 -0.00331441
67 65 0.0542229
67 66 -0.00193265
67 67 0.0661444
67 68 -0.015303
67 69 -0.024086
67 70 -0.0424664
67 71 0.0158232
67 132 -0.0282426
67 133 -0.0209444
67 134 -0.0260454
67 135 0.00793617
68 64 0.00184356
68 65 -0.0204021
68 66 0.0269348
68 67 -0.015303
68 68 0.0667534
68 69 -0.00874801
68 70 -0.0542196
68 71 -0.00434919
68 72 0.033698
68 73 -0.0494879
68 74 -0.0402584
68 75 -0.0493502
68 136 0.0382461
68 137 0.0382461
68 138 0.0382461
68 139 0
69 64 -0.00152948
69 65 -0.0345951
69 66 0.0269348
69 67 -0.024086
69 68 -0.00874801
69 69 0.0735028
69 70 0.0443709
69 71 0.0235842
69 72 0.033698
69 73 -0.00922947
69 74 -0.0157899
69 75 -0.0169867
69 136 -0.0484606
69 137 -0.0155635
69 138 -0.0402338
69 139 0.0149815
70 64 -0.0144999
70 65 -0.0421554
70 66 0.0269348
70 67 -0.0424664
70 68 -0.0542196
70 69 0.0443709
70 70 0.111292
70 71 -0.0210385
70 72 0
70 73 0.033698
70 74 0.033698
70 75 0.033698
70 136 -0.0461117
70 137 -0.0300364
70 138 -0.0462958
70 139 0.0149815
71 64 0.0158232
71 65 0.0158232
71 66 0
71 67 0.0158232
71 68 -0.00434919
71 69 0.0235842
71 70 -0.0210385
71 71 0.0572408
71 72 0.033698
71 73 -0.0338357
71 74 -0.0325012
71 75 -0.0494879
71 136 -0.016601
71 137 0.00788514
71 138 -0.025196
71 139 0.0149815
72 16 0.0158232
72 17 -0.0424664
72 18 -0.0194061
72 19 -0.0261376
72 68 0.033698
72 69 0.033698
72 70 0
72 71 0.033698
72 72 0.0764099
72 73 -0.0309478
72 74 0.0114154
72 75 -0.0307224
72 140 -0.026987
72 141 -0.0205115
72 142 0.0111673
72 143 -0.0168813
73 16 0.0158232
73 17 -0.0230603
73 18 -0.01082
73 19 -0.0121414
73 68 -0.0494879
73 69 -0.00922947
73 70 0.033698
73 71 -0.0338357
73 72 -0.0309478
73 73 0.0512389
73 74 0.00676648
73 75 -0.00434919
73 140 0.0227316
73 141 0.0227316
73 142 0
73 143 0.0227316
74 16 0.0158232
74 17 -0.0163288
74 18 0.00132148
74 19 -0.01082
74 68 -0.0402584
74 69 -0.0157899
74 70 0.033698
74 71 -0.0325012
74 72 0.0114154
74 73 0.00676648
74 74 0.0696497
74 75 0.0371721
74 140 -0.0221979
74 141 -0.028691
74 142 0.0111673
74 143 -0.0185766
75 16 0
75 17 0.0158232
75 18 0.0158232
75 19 0.0158232
75 68 -0.0493502
75 69 -0.0169867
75 70 0.033698
75 71 -0.0494879
75 72 -0.0307224
75 73 -0.00434919
75 74 0.0371721
75 75 0.0689021
75 140 -0.0142637
75 141 -0.0142726
75 142 0.0111673
75 143 -0.0171267
76 20 -0.0147314
76 21 0.0416667
76 22 -0.028199
76 23 -0.028199
76 76 0.0782731
76 77 -0.0441968
76 78 0.00788653
76 79 0.000520833
76 92 -0.0625
76 93 0.0416667
76 94 -0.03125
76 95 -0.0520833
76 140 0.03125
76 141 0
76 142 0.03125
76 143 0.03125
77 20 -0.028199
77 21 0.0416667
77 22 -0.0563981
77 23 -0.0490324
77 76 -0.0441968
77 77 0.117149
77 78 0.0273243
77 79 -0.0321247
77 92 0.0416667
77 93 0
77 94 0.0416667
77 95 0.0416667
77 140 -0.0612706
77 141 0.0216142
77 142 -0.0347899
77 143 -0.0241381
78 20 -0.0073657
78 21 0.0416667
78 22 -0.028199
78 23 -0.0355647
78 76 0.00788653
78 77 0.0273243
78 78 0.0754819
78 79 0.0303753
78 92 -0.03125
78 93 0.0416667
78 94 -0.0208333
78 95 -0.03125
78 140 -0.0418329
78 141 0.0216142
78 142 -0.0333943
78 143 -0.0137215
79 20 0.0208333
79 21 0
79 22 0.0208333
79 23 0.0208333
79 76 0.000520833
79 77 -0.0321247
79 78 0.0303753
79 79 0.0815839
79 92 -0.0520833
79 93 0.0416667
79 94 -0.03125
79 95 -0.0625
79 140 -0.0314162
79 141 0.0216142
79 142 -0.0139565
79 143 -0.0123259
80 20 0.015625
80 21 -0.0147374
80 22 -0.0206435
80 23 -0.0154352
80 24 -0.0524907
80 25 0.0200948
80 26 -0.0463204
80 27 -0.0368685
80 80 0.161727
80 81 -0.0434058
80 82 0.0016547
80 83 -0.0492077
80 140 0.0632655
80 141 0.0632655
80 142 0.0632655
80 143 0
80 144 -0.0498371
80 145 -0.043841
80 146 -0.0366963
80 147 0.0224682
81 20 0.015625
81 21 -0.0099918
81 22 -0.024919
81 23 -0.0152001
81 24 -0.0061703
81 25 0.0200948
81 26 -0.0123012
81 27 0.00330127
81 80 -0.0434058
81 81 0.0896233
81 82 0.00647795
81 83 0.035485
81 140 -0.0850922
81 141 -0.0324188
81 142 -0.0394403
81 143 0.0316328
81 144 0.0228607
81 145 0.0228607
81 146 0.0228607
81 147 0
82 20 0
82 21 0.0108071
82 22 0.0108071
82 23 0.0108071
82 24 -0.0156221
82 25 0.0200948
82 26 -0.0156024
82 27 -0.0123012
82 80 0.0016547
82 81 0.00647795
82 82 0.0696156
82 83 0.018631
82 140 -0.0526735
82 141 -0.0218267
82 142 -0.0179349
82 143 0.0316328
82 144 -0.0215364
82 145 -0.0286607
82 146 -0.0149558
82 147 0.0224682
83 20 0.015625
83 21 -0.0041201
83 22 -0.0145368
83 23 -0.013839
83 24 0.0200948
83 25 0
83 26 0.0200948
83 27 0.0200948
83 80 -0.0492077
83 81 0.035485
83 82 0.018631
83 83 0.0849108
83 140 -0.0772847
83 141 -0.0355245
83 142 -0.0534595
83 143 0.0316328
83 144 -0.00621281
83 145 -0.00677696
83 146 -0.0061925
83 147 0.0224682
84 24 -0.0359811
84 25 -0.0317261
84 26 0.0228607
84 27 -0.027365
84 84 0.0864286
84 85 0.00284023
84 86 0.0573764
84 87 -0.00405203
84 144 -0.0442724
84 145 -0.0168444
84 146 0.0165123
84 147 -0.0238618
85 24 -0.011183
85 25 -0.0200484
85 26 0.0228607
85 27 -0.00912715
85 84 0.00284023
85 85 0.00805797
85 86 -0.00242429
85 87 -0.0385975
85 144 0.0165123
85 145 0.0165123
85 146 0
85 147 0.0165123
86 24 -0.0241564
86 25 -0.0264616
86 26 0.0228607
86 27 -0.0286607
86 84 0.0573764
86 85 -0.00242429
86 86 0.0534587
86 87 -0.0152725
86 144 -0.0274281
86 145 -0.0112478
86 146 0.0165123
86 147 -0.0126413
87 24 0.0224682
87 25 0.0224682
87 26 0
87 27 0.0224682
87 84 -0.00405203
87 85 -0.0385975
87 86 -0.0152725
87 87 0.00618533
87 144 -0.0204106
87 145 0.00139352
87 146 0.0165123
87 147 -0.0112478
88 48 0.0344523
88 49 -0.044323
88 50 -0.0305215
88 51 -0.0422853
88 88 0.0888711
88 89 -0.0230018
88 90 -0.0268636
88 91 0.0244476
88 96 0
88 97 0.0286809
88 98 0.0286809
88 99 0.0286809
88 148 -0.0252425
88 149 -0.029154
88 150 -0.0230396
88 151 0.0127908
89 48 0.0344523
89 49 -0.0275878
89 50 -0.0287863
89 51 -0.0330502
89 88 -0.0230018
89 89 0.0705507
89 90 -0.0170113
89 91 0.00713667
89 96 0.033698
89 97 -0.0360034
89 98 -0.026774
89 99 -0.0358657
89 148 0.0281387
89 149 0.0281387
89 150 0.0281387
89 151 0
90 48 0
90 49 0.0258831
90 50 0.0258831
90 51 0.0258831
90 88 -0.0268636
90 89 -0.0170113
90 90 0.0840654
90 91 0.0248425
90 96 0.033698
90 97 -0.0345459
90 98 -0.0411063
90 99 -0.0423031
90 148 -0.0146247
90 149 -0.0341762
90 150 -0.0202418
90 151 0.0127908
91 48 0.0344523
91 49 -0.0192638
91 50 -0.0129624
91 51 -0.0322262
91 88 0.0244476
91 89 0.00713667
91 90 0.0248425
91 91 0.0646851
91 96 0.033698
91 97 -0.0169867
91 98 -0.0156522
91 99 -0.0326389
91 148 -0.0149937
91 149 -0.0267252
91 150 -0.0284307
91 151 0.0127908
92 32 -0.0147314
92 33 -0.028199
92 34 0.0416667
92 35 -0.028199
92 76 -0.0625
92 77 0.0416667
92 78 -0.03125
92 79 -0.0520833
92 92 0.0782731
92 93 -0.0441968
92 94 0.00788653
92 95 0.000520833
92 152 0.03125
92 153 0.03125
92 154 0
92 155 0.03125
93 32 -0.028199
93 33 -0.0563981
93 34 0.0416667
93 35 -0.0490324
93 76 0.0416667
93 77 0
93 78 0.0416667
93 79 0.0416667
93 92 -0.0441968
93 93 0.117149
93 94 0.0273243
93 95 -0.0321247
93 152 -0.0612706
93 153 -0.0347898
93 154 0.0216142
93 155 -0.0241381
94 32 -0.0073657
94 33 -0.028199
94 34 0.0416667
94 35 -0.0355647
94 76 -0.03125
94 77 0.0416667
94 78 -0.0208333
94 79 -0.03125
94 92 0.00788653
94 93 0.0273243
94 94 0.0754819
94 95 0.0303753
94 152 -0.0418329
94 153 -0.0333943
94 154 0.0216142
94 155 -0.0137215
95 32 0.0208333
95 33 0.0208333
95 34 0
95 35 0.0208333
95 76 -0.0520833
95 77 0.0416667
95 78 -0.03125
95 79 -0.0625
95 92 0.000520833
95 93 -0.0321247
95 94 0.0303753
95 95 0.0815839
95 152 -0.0314162
95 153 -0.0139565
95 154 0.0216142
95 155 -0.0123259
96 28 0.0158232
96 29 -0.0424664
96 30 -0.0194061
96 31 -0.0261376
96 88 0
96 89 0.033698
96 90 0.033698
96 91 0.033698
96 96 0.0764099
96 97 -0.0309478
96 98 0.0114154
96 99 -0.0307224
96 152 -0.026987
96 153 0.0111673
96 154 -0.0205115
96 155 -0.0168813
97 28 0.0158232
97 29 -0.0230603
97 30 -0.01082
97 31 -0.0121414
97 88 0.0286809
97 89 -0.0360034
97 90 -0.0345459
97 91 -0.0169867
97 96 -0.0309478
97 97 0.0512389
97 98 0.00676648
97 99 -0.00434919
97 152 0.0227316
97 153 0
97 154 0.0227316
97 155 0.0227316
98 28 0.0158232
98 29 -0.0163288
98 30 0.00132148
98 31 -0.01082
98 88 0.0286809
98 89 -0.026774
98 90 -0.0411063
98 91 -0.0156522
98 96 0.0114154
98 97 0.00676648
98 98 0.0696497
98 99 0.0371721
98 152 -0.0221979
98 153 0.0111673
98 154 -0.028691
98 155 -0.0185766
99 28 0
99 29 0.0158232
99 30 0.0158232
99 31 0.0158232
99 88 0.0286809
99 89 -0.0358657
99 90 -0.0423031
99 91 -0.0326389
99 96 -0.0307224
99 97 -0.00434919
99 98 0.0371721
99 99 0.0689021
99 152 -0.0142637
99 153 0.0111673
99 154 -0.0142726
99 155 -0.0171267
100 32 0.015625
100 33 -0.024919
100 34 -0.0099918
100 35 -0.0152001
100 36 0.0200948
100 37 -0.0123012
100 38 -0.0061703
100 39 0.00330127
100 100 0.0896233
100 101 -0.0434058
100 102 0.035485
100 103 0.00647795
100 152 -0.0850922
100 153 -0.0394403
100 154 -0.0324188
100 155 0.0316328
100 156 0.0228607
100 157 0.0228607
100 158 0.0228607
100 159 0
101 32 0.015625
101 33 -0.0206435
101 34 -0.0147374
101 35 -0.0154352
101 36 0.0200948
101 37 -0.0463204
101 38 -0.0524907
101 39 -0.0368685
101 100 -0.0434058
101 101 0.161727
101 102 -0.0492077
101 103 0.0016547
101 152 0.0632655
101 153 0.0632655
101 154 0.0632655
101 155 0
101 156 -0.0498371
101 157 -0.0366963
101 158 -0.043841
101 159 0.0224682
102 32 0.015625
102 33 -0.0145368
102 34 -0.0041201
102 35 -0.013839
102 36 0
102 37 0.0200948
102 38 0.0200948
102 39 0.0200948
102 100 0.035485
102 101 -0.0492077
102 102 0.0849108
102 103 0.018631
102 152 -0.0772847
102 153 -0.0534595
102 154 -0.0355245
102 155 0.0316328
102 156 -0.00621281
102 157 -0.0061925
102 158 -0.00677696
102 159 0.0224682
103 32 0
103 33 0.0108071
103 34 0.0108071
103 35 0.0108071
103 36 0.0200948
103 37 -0.0156024
103 38 -0.0156221
103 39 -0.0123012
103 100 0.00647795
103 101 0.0016547
103 102 0.018631
103 103 0.0696156
103 152 -0.0526735
103 153 -0.0179349
103 154 -0.0218267
103 155 0.0316328
103 156 -0.0215364
103 157 -0.0149558
103 158 -0.0286607
103 159 0.0224682
104 36 -0.0200484
104 37 0.0228607
104 38 -0.011183
104 39 -0.00912715
104 104 0.00805797
104 105 0.00284023
104 106 -0.00242429
104 107 -0.0385975
104 156 0.0165123
104 157 0
104 158 0.0165123
104 159 0.0165123
105 36 -0.0317261
105 37 0.0228607
105 38 -0.0359811
105 39 -0.027365
105 104 0.00284023
105 105 0.0864286
105 106 0.0573764
105 107 -0.00405203
105 156 -0.0442724
105 157 0.0165123
105 158 -0.0168444
105 159 -0.0238618
106 36 -0.0264616
106 37 0.0228607
106 38 -0.0241564
106 39 -0.0286607
106 104 -0.00242429
106 105 0.0573764
106 106 0.0534587
106 107 -0.0152725
106 156 -0.0274281
106 157 0.0165123
106 158 -0.0112478
106 159 -0.0126413
107 36 0.0224682
107 37 0
107 38 0.0224682
107 39 0.0224682
107 104 -0.0385975
107 105 -0.00405203
107 106 -0.0152725
107 107 0.00618533
107 156 -0.0204106
107 157 0.0165123
107 158 0.00139352
107 159 -0.0112478
108 40 0.0199947
108 41 -0.0114087
108 42 -0.0202275
108 43 -0.0225563
108 44 0.0200178
108 45 -0.0114626
108 46 -0.0226157
108 47 -0.0202535
108 108 0.0776617
108 109 0.00590926
108 110 -0.0121272
108 111 0.00597273
108 112 -0.0257355
108 113 -0.032456
108 114 -0.0324567
108 115 0.0251086
108 160 0.0195823
108 161 0.0195823
108 162 0.0195823
108 163 0
109 40 0.0199947
109 41 -0.00666461
109 42 -0.0269106
109 43 -0.0235258
109 44 0
109 45 0.0155013
109 46 0.0155013
109 47 0.0155013
109 108 0.00590926
109 109 0.0709181
109 110 -0.00131677
109 111 0.00474296
109 112 -0.0132945
109 113 -0.0347959
109 114 -0.0274061
109 115 0.0251086
109 160 -0.0256972
109 161 -0.00395919
109 162 -0.0174696
109 163 0.00997488
110 40 0.0199947
110 41 -0.00883796
110 42 -0.0233704
110 43 -0.0314127
110 44 0.0200178
110 45 -0.00887403
110 46 -0.0314711
110 47 -0.023387
110 108 -0.0121272
110 109 -0.00131677
110 110 0.088296
110 111 -0.00127214
110 112 0.0258586
110 113 0.0258586
110 114 0.0258586
110 115 0
110 160 -0.0274499
110 161 -0.0185745
110 162 -0.0256536
110 163 0.00997488
111 40 0
111 41 0.0154556
111 42 0.0154556
111 43 0.0154556
111 44 0.0200178
111 45 -0.00668257
111 46 -0.0235576
111 47 -0.0269176
111 108 0.00597273
111 109 0.00474296
111 110 -0.00127214
111 111 0.0708437
111 112 -0.0132764
111 113 -0.0273873
111 114 -0.0347784
111 115 0.0251086
111 160 -0.0192383
111 161 -0.00393167
111 162 -0.0238733
111 163 0.00997488
112 108 -0.0257355
112 109 -0.0132945
112 110 0.0258586
112 111 -0.0132764
112 112 0.013575
112 113 0.00537831
112 114 0.00537899
112 115 -0.0391557
112 164 0.0144822
112 165 0.0144822
112 166 0.0144822
112 167 0
113 108 -0.032456
113 109 -0.0347959
113 110 0.0258586
113 111 -0.0273873
113 112 0.00537831
113 113 0.0685794
113 114 0.0551049
113 115 -0.0123202
113 164 -0.0332657
113 165 -0.0056497
113 166 -0.0216185
113 167 0.0147472
114 108 -0.0324567
114 109 -0.0274061
114 110 0.0258586
114 111 -0.0347784
114 112 0.00537899
114 113 0.0551049
114 114 0.0685069
114 115 -0.0123572
114 164 -0.027616
114 165 -0.0112255
114 166 -0.0215815
114 167 0.0147472
115 108 0.0251086
115 109 0.0251086
115 110 0
115 111 0.0251086
115 112 -0.0391557
115 113 -0.0123202
115 114 -0.0123572
115 115 0.0100197
115 164 -0.0188364
115 165 0.00316681
115 166 -0.0184147
115 167 0.0147472
116 48 -0.0277438
116 49 -0.0273006
116 50 0.0199947
116 51 -0.0203674
116 56 -0.0398839
116 57 -0.0350813
116 58 0.0227313
116 59 -0.0271532
116 60 -0.0572144
116 61 0.0214399
116 62 -0.0374525
116 63 -0.040483
116 116 0.153724
116 117 -0.00757642
116 118 -0.02227
116 119 -0.0440155
116 168 0.0570162
116 169 0.0570162
116 170 0.0570162
116 171 0
117 48 0.0136249
117 49 0.0136249
117 50 0
117 51 0.0136249
117 56 -0.0202924
117 57 -0.0284608
117 58 0.0227313
117 59 -0.0140472
117 60 -0.0197619
117 61 0.0214399
117 62 -0.0143346
117 63 -0.0101979
117 116 -0.00757642
117 117 0.07889
117 118 0.00991662
117 119 0.0225292
117 168 -0.0413065
117 169 -0.0284908
117 170 -0.0279437
117 171 0.0184262
118 48 -0.0158849
118 49 -0.026869
118 50 0.0199947
118 51 -0.0142222
118 56 0.0175552
118 57 0.0175552
118 58 0
118 59 0.0175552
118 60 -0.0167313
118 61 0.0214399
118 62 -0.00413669
118 63 -0.0143346
118 116 -0.02227
118 117 0.00991662
118 118 0.0852066
118 119 0.0278185
118 168 -0.0365793
118 169 -0.0471396
118 170 -0.0349045
118 171 0.0184262
119 48 -0.00923773
119 49 -0.0145082
119 50 0.0199947
119 51 -0.0132886
119 56 -0.0106146
119 57 -0.0122975
119 58 0.0227313
119 59 -0.0108549
119 60 0.0214399
119 61 0
119 62 0.0214399
119 63 0.0214399
119 116 -0.0440155
119 117 0.0225292
119 118 0.0278185
119 119 0.0916126
119 168 -0.0471112
119 169 -0.0459835
119 170 -0.0571245
119 171 0.0184262
120 52 0.0200178
120 53 0.00889517
120 54 0.0093992
120 55 0.016332
120 120 0.279844
120 121 -0.107522
120 122 -0.128519
120 123 0.0757079
120 136 0.0259306
120 137 -0.105841
120 138 -0.0663895
120 139 -0.0872592
120 160 0.0371446
120 161 -0.121637
120 162 -0.0895639
120 163 -0.0943618
120 172 0
120 173 0.11018
120 174 0.11018
120 175 0.11018
121 52 0.0200178
121 53 -0.029276
121 54 -0.0402161
121 55 -0.0275612
121 120 -0.107522
121 121 0.162069
121 122 0.0957585
121 123 -0.00583967
121 136 0
121 137 0.045054
121 138 0.045054
121 139 0.045054
121 160 0.0371446
121 161 -0.000206965
121 162 0.00704504
121 163 0.0146577
121 172 0.0588984
121 173 -0.146377
121 174 -0.0836881
121 175 -0.0873485
122 52 0.0200178
122 53 -0.0310694
122 54 -0.0362874
122 55 -0.0350766
122 120 -0.128519
122 121 0.0957585
122 122 0.182618
122 123 -0.0107715
122 136 0.0259306
122 137 0.00441756
122 138 0.0217385
122 139 0.0119343
122 160 0
122 161 0.0566734
122 162 0.0566734
122 163 0.0566734
122 172 0.0588984
122 173 -0.138899
122 174 -0.110819
122 175 -0.0971746
123 52 0
123 53 0.0120474
123 54 0.0120474
123 55 0.0120474
123 120 0.0757079
123 121 -0.00583967
123 122 -0.0107715
123 123 0.106743
123 136 0.0259306
123 137 -0.0497258
123 138 -0.0213394
123 139 -0.0532746
123 160 0.0371446
123 161 -0.0561437
123 162 -0.0364811
123 163 -0.0536896
123 172 0.0588984
123 173 -0.0401292
123 174 0.0052552
123 175 -0.0157096
124 52 0.0259285
124 53 0
124 54 0.0259285
124 55 0.0259285
124 56 0.0337123
124 57 -0.0411639
124 58 -0.0346053
124 59 -0.0423636
124 124 0.0841547
124 125 -0.0170004
124 126 -0.0269678
124 127 0.0248435
124 172 -0.030896
124 173 -0.0164732
124 174 -0.0208678
124 175 0.0120156
125 52 -0.0288389
125 53 0.0344579
125 54 -0.0275507
125 55 -0.0330556
125 56 0.0337123
125 57 -0.0267458
125 58 -0.0359836
125 59 -0.0358437
125 124 -0.0170004
125 125 0.0704979
125 126 -0.0229313
125 127 0.00714557
125 172 0.0281034
125 173 0.0281034
125 174 0.0281034
125 175 0
126 52 -0.0306214
126 53 0.0344579
126 54 -0.044348
126 55 -0.0423455
126 56 0
126 57 0.0286986
126 58 0.0286986
126 59 0.0286986
126 124 -0.0269678
126 125 -0.0229313
126 126 0.088913
126 127 0.0244526
126 172 -0.0258502
126 173 -0.0270591
126 174 -0.0236379
126 175 0.0120156
127 52 -0.0130122
127 53 0.0344579
127 54 -0.0192314
127 55 -0.0322436
127 56 0.0337123
127 57 -0.0156565
127 58 -0.0169961
127 59 -0.0326525
127 124 0.0248435
127 125 0.00714557
127 126 0.0244526
127 127 0.0647017
127 172 -0.0234555
127 173 -0.0168486
127 174 -0.0290591
127 175 0.0120156
128 60 0.029388
128 61 -0.0319015
128 62 -0.0159552
128 63 -0.0168548
128 128 0.0189445
128 129 0.00774516
128 130 0.00961111
128 131 -0.0426946
128 176 0.0147305
128 177 0.0147305
128 178 0.0147305
128 179 0
129 60 0.029388
129 61 -0.0359276
129 62 -0.0367638
129 63 -0.0292721
129 128 0.00774516
129 129 0.0664472
129 130 0.0569405
129 131 -0.016044
129 176 -0.0120742
129 177 -0.0249048
129 178 -0.0180604
129 179 0.0150002
130 60 0.029388
130 61 -0.0377935
130 62 -0.0302384
130 63 -0.0395293
130 128 0.00961111
130 129 0.0569405
130 130 0.0772801
130 131 -0.0124935
130 176 -0.00958759
130 177 -0.0344923
130 178 -0.0216109
130 179 0.0150002
131 60 0
131 61 0.028459
131 62 0.028459
131 63 0.028459
131 128 -0.0426946
131 129 -0.016044
131 130 -0.0124935
131 131 0.0142361
131 176 -0.00132626
131 177 -0.0201939
131 178 -0.0193867
131 179 0.0150002
132 64 0.0238104
132 65 -0.0335985
132 66 -0.00483341
132 67 -0.0282426
132 132 0.145916
132 133 -0.0737935
132 134 0.0371998
132 135 0.00942551
132 136 -0.0670603
132 137 -0.104439
132 138 0.0505586
132 139 -0.072663
132 160 0.0434342
132 161 0.0434342
132 162 0
132 163 0.0434342
132 180 -0.0182796
132 181 -0.00886149
132 182 -0.0107602
132 183 0.028579
133 64 0.0238104
133 65 -0.0212138
133 66 -0.00262182
133 67 -0.0209444
133 132 -0.0737935
133 133 0.198405
133 134 -0.0405399
133 135 0.0204702
133 136 0.0732301
133 137 0.0732301
133 138 0
133 139 0.0732301
133 160 -0.0719604
133 161 -0.0785237
133 162 0.0341486
133 163 -0.0630624
133 180 -0.0470393
133 181 -0.0542899
133 182 -0.0478542
133 183 0.028579
134 64 0.0238104
134 65 -0.0212283
134 66 0.00245029
134 67 -0.0260454
134 132 0.0371998
134 133 -0.0405399
134 134 0.108791
134 135 0.0275582
134 136 -0.036765
134 137 -0.105046
134 138 0.0505586
134 139 -0.0578188
134 160 -0.0081226
134 161 -0.0384851
134 162 0.0341486
134 163 -0.0111242
134 180 0.0213063
134 181 0.0213063
134 182 0.0213063
134 183 0
135 64 0
135 65 0.00793617
135 66 0.00793617
135 67 0.00793617
135 132 0.00942551
135 133 0.0204702
135 134 0.0275582
135 135 0.0885465
135 136 -0.00788387
135 137 -0.0607141
135 138 0.0505586
135 139 -0.0443888
135 160 -0.0236336
135 161 -0.0420966
135 162 0.0341486
135 163 -0.0385348
135 180 -0.0181726
135 181 -0.0170888
135 182 -0.0273218
135 183 0.028579
136 68 0.0382461
136 69 -0.0484606
136 70 -0.0461117
136 71 -0.016601
136 120 0.0259306
136 121 0
136 122 0.0259306
136 123 0.0259306
136 132 -0.0670603
136 133 0.0732301
136 134 -0.036765
136 135 -0.00788387
136 136 0.133492
136 137 -0.0164161
136 138 0.0409145
136 139 0.00621543
136 188 -0.0591552
136 189 0.0355925
136 190 -0.0434166
136 191 -0.0588901
137 68 0.0382461
137 69 -0.0155635
137 70 -0.0300364
137 71 0.00788514
137 120 -0.105841
137 121 0.045054
137 122 0.00441756
137 123 -0.0497258
137 132 -0.104439
137 133 0.0732301
137 134 -0.105046
137 135 -0.0607141
137 136 -0.0164161
137 137 0.180293
137 138 -0.0696894
137 139 0.0502443
137 188 0.0542747
137 189 0
137 190 0.0542747
137 191 0.0542747
138 68 0.0382461
138 69 -0.0402338
138 70 -0.0462958
138 71 -0.025196
138 120 -0.0663895
138 121 0.045054
138 122 0.0217385
138 123 -0.0213394
138 132 0.0505586
138 133 0
138 134 0.0505586
138 135 0.0505586
138 136 0.0409145
138 137 -0.0696894
138 138 0.173977
138 139 0.00146155
138 188 -0.0675901
138 189 0.0355925
138 190 -0.0838694
138 191 -0.083334
139 68 0
139 69 0.0149815
139 70 0.0149815
139 71 0.0149815
139 120 -0.0872592
139 121 0.045054
139 122 0.0119343
139 123 -0.0532746
139 132 -0.072663
139 133 0.0732301
139 134 -0.0578188
139 135 -0.0443888
139 136 0.00621543
139 137 0.0502443
139 138 0.00146155
139 139 0.116903
139 188 -0.0111434
139 189 0.0355925
139 190 -0.0114138
139 191 -0.0428962
140 72 -0.026987
140 73 0.0227316
140 74 -0.0221979
140 75 -0.0142637
140 76 0.03125
140 77 -0.0612706
140 78 -0.0418329
140 79 -0.0314162
140 80 0.0632655
140 81 -0.0850922
140 82 -0.0526735
140 83 -0.0772847
140 140 0.181075
140 141 -0.0266396
140 142 0.0108343
140 143 -0.0558292
140 188 0.0633655
140 189 0.0633655
140 190 0.0633655
140 191 0
141 72 -0.0205115
141 73 0.0227316
141 74 -0.028691
141 75 -0.0142726
141 76 0
141 77 0.0216142
141 78 0.0216142
141 79 0.0216142
141 80 0.0632655
141 81 -0.0324188
141 82 -0.0218267
141 83 -0.0355245
141 140 -0.0266396
141 141 0.110422
141 142 0.0172415
141 143 0.034116
141 188 -0.0625748
141 189 -0.060111
141 190 -0.0394169
141 191 0.0331334
142 72 0.0111673
142 73 0
142 74 0.0111673
142 75 0.0111673
142 76 0.03125
142 77 -0.0347899
142 78 -0.0333943
142 79 -0.0139565
142 80 0.0632655
142 81 -0.0394403
142 82 -0.0179349
142 83 -0.0534595
142 140 0.0108343
142 141 0.0172415
142 142 0.0946015
142 143 0.0226096
142 188 -0.0296602
142 189 -0.0580885
142 190 -0.0219484
142 191 0.0331334
143 72 -0.0168813
143 73 0.0227316
143 74 -0.0185766
143 75 -0.0171267
143 76 0.03125
143 77 -0.0241381
143 78 -0.0137215
143 79 -0.0123259
143 80 0
143 81 0.0316328
143 82 0.0316328
143 83 0.0316328
143 140 -0.0558292
143 141 0.034116
143 142 0.0226096
143 143 0.126674
143 188 -0.0607775
143 189 -0.0737597
143 190 -0.0685116
143 191 0.0331334
144 80 -0.0498371
144 81 0.0228607
144 82 -0.0215364
144 83 -0.00621281
144 84 -0.0442724
144 85 0.0165123
144 86 -0.0274281
144 87 -0.0204106
144 144 0.0795264
144 145 0.010317
144 146 -0.0325619
144 147 -0.031248
144 192 0.0354021
144 193 0.0354021
144 194 0.0354021
144 195 0
145 80 -0.043841
145 81 0.0228607
145 82 -0.0286607
145 83 -0.00677696
145 84 -0.0168444
145 85 0.0165123
145 86 -0.0112478
145 87 0.00139352
145 144 0.010317
145 145 0.0699282
145 146 0.0375464
145 147 0.0082858
145 192 -0.0164695
145 193 -0.034142
145 194 -0.0423482
145 195 0.0354021
146 80 -0.0366963
146 81 0.0228607
146 82 -0.0149558
146 83 -0.0061925
146 84 0.0165123
146 85 0
146 86 0.0165123
146 87 0.0165123
146 144 -0.0325619
146 145 0.0375464
146 146 0.0715869
146 147 -0.00316678
146 192 -0.0177296
146 193 -0.0518716
146 194 -0.0518431
146 195 0.0354021
147 80 0.0224682
147 81 0
147 82 0.0224682
147 83 0.0224682
147 84 -0.0238618
147 85 0.0165123
147 86 -0.0126413
147 87 -0.0112478
147 144 -0.031248
147 145 0.0082858
147 146 -0.00316678
147 147 0.0533019
147 192 -0.00952342
147 193 -0.0354307
147 194 -0.0518716
147 195 0.0354021
148 88 -0.0252425
148 89 0.0281387
148 90 -0.0146247
148 91 -0.0149937
148 148 0.175215
148 149 -0.0770486
148 150 0.00957663
148 151 0.0292203
148 168 0.0384834
148 169 -0.103643
148 170 -0.0725972
148 171 -0.071047
148 196 -0.0332462
148 197 -0.0259957
148 198 -0.0268106
148 199 0.028579
148 204 0
148 205 0.0536056
148 206 0.0536056
148 207 0.0536056
149 88 -0.029154
149 89 0.0281387
149 90 -0.0341762
149 91 -0.0267252
149 148 -0.0770486
149 149 0.185593
149 150 0.0200142
149 151 0.00487498
149 168 0
149 169 0.0596772
149 170 0.0596772
149 171 0.0596772
149 196 -0.019252
149 197 -0.0286701
