3498 3498 80964
0 0 0.234246
0 1 0.11782
0 2 -0.0644403
0 3 0.127751
0 4 0.36452
0 5 -0.343527
0 6 -0.0320714
0 7 -0.0320714
0 8 0
0 9 0
0 10 0
0 11 -0.128286
0 18 -0.296579
0 19 0.0606485
0 20 -0.0711972
0 21 -6.10623e-16
0 22 0.284789
0 23 -0.221602
1 0 0.11782
1 1 0.217917
1 2 0.0472625
1 3 0.141114
1 4 0.342992
1 5 -0.128286
1 6 -0.218085
1 7 0.0381624
1 8 -0.0320714
1 9 -2.94903e-16
1 10 0.128286
1 11 -0.139821
1 18 -0.0858817
1 19 -0.0858817
1 20 0
1 21 0
1 22 0
1 23 -0.343527
2 0 -0.0644403
2 1 0.0472625
2 2 0.393245
2 3 -0.202413
2 4 0.236234
2 5 -0.000534515
2 6 0.0388088
2 7 -0.0256569
2 8 -0.0320714
2 9 0.128286
2 10 4.09395e-16
2 11 -0.142407
2 18 0.117423
2 19 -0.258628
2 20 -0.0711972
2 21 0.284789
2 22 9.08995e-16
2 23 -0.448699
3 0 0.127751
3 1 0.141114
3 2 -0.202413
3 3 0.620046
3 4 -0.941487
3 5 -0.254433
3 6 -0.142407
3 7 -0.139821
3 8 -0.128286
3 9 0.256571
3 10 0.256571
3 11 -0.61577
3 18 5.20417e-16
3 19 0.343527
3 20 0
3 21 0
3 22 0
3 23 0.687054
4 0 0.36452
4 1 0.342992
4 2 0.236234
4 3 -0.941487
4 4 1.54632
4 5 -0.684916
4 6 6.93889e-18
4 7 0.128286
4 8 0
4 9 0
4 10 0
4 11 0.256571
4 18 -0.448699
4 19 -0.221602
4 20 -0.284789
4 21 0.569577
4 22 0.569577
4 23 -1.42457
5 0 -0.343527
5 1 -0.128286
5 2 -0.000534515
5 3 -0.254433
5 4 -0.684916
5 5 0.00427612
5 6 0.128286
5 7 -9.02056e-17
5 8 0
5 9 0
5 10 0
5 11 0.256571
5 18 0.343527
5 19 2.42861e-16
5 20 0
5 21 0
5 22 0
5 23 0.687054
6 0 -0.0320714
6 1 -0.218085
6 2 0.0388088
6 3 -0.142407
6 4 6.93889e-18
6 5 0.128286
6 6 0.219856
6 7 0.0479088
6 8 0.118466
6 9 0.345578
6 10 -0.128286
6 11 0.141114
6 30 -0.0865281
6 31 -0.0865281
6 32 0
6 33 0
6 34 0
6 35 -0.346112
7 0 -0.0320714
7 1 0.0381624
7 2 -0.0256569
7 3 -0.139821
7 4 0.128286
7 5 -9.02056e-17
7 6 0.0479088
7 7 0.393403
7 8 -0.065126
7 9 0.238898
7 10 -0.000534515
7 11 -0.204998
7 30 -0.243431
7 31 0.119133
7 32 -0.0671028
7 33 -6.17562e-16
7 34 0.268411
7 35 -0.45546
8 0 0
8 1 -0.0320714
8 2 -0.0320714
8 3 -0.128286
8 4 0
8 5 0
8 6 0.118466
8 7 -0.065126
8 8 0.236342
8 9 0.367184
8 10 -0.346112
8 11 0.127751
8 30 0.0555695
8 31 -0.301748
8 32 -0.0671028
8 33 0.268411
8 34 8.60423e-16
8 35 -0.201207
9 0 0
9 1 -2.94903e-16
9 2 0.128286
9 3 0.256571
9 4 0
9 5 0
9 6 0.345578
9 7 0.238898
9 8 0.367184
9 9 1.5573
9 10 -0.690087
9 11 -0.946658
9 30 -0.201207
9 31 -0.45546
9 32 -0.268411
9 33 0.536823
9 34 0.536823
9 35 -1.39762
10 0 0
10 1 0.128286
10 2 4.09395e-16
10 3 0.256571
10 4 0
10 5 0
10 6 -0.128286
10 7 -0.000534515
10 8 -0.346112
10 9 -0.690087
10 10 0.00427612
10 11 -0.254433
10 30 -4.23273e-16
10 31 0.346112
10 32 0
10 33 0
10 34 0
10 35 0.692225
11 0 -0.128286
11 1 -0.139821
11 2 -0.142407
11 3 -0.61577
11 4 0.256571
11 5 0.256571
11 6 0.141114
11 7 -0.204998
11 8 0.127751
11 9 -0.946658
11 10 -0.254433
11 11 0.620046
11 30 0.346112
11 31 -2.42861e-16
11 32 0
11 33 0
11 34 0
11 35 0.692225
12 12 0.154166
12 13 0.0960019
12 14 0.0161288
12 15 0.237949
12 16 0.159746
12 17 -0.146059
12 30 -0.0283143
12 31 -0.13691
12 32 0.0406428
12 33 -0.148884
12 34 -1.66533e-16
12 35 0.113257
12 36 -0.0596209
12 37 -0.0596209
12 38 0
12 39 0
12 40 0
12 41 -0.238484
13 12 0.0960019
13 13 0.161771
13 14 -0.0319849
13 15 0.255974
13 16 0.145524
13 17 -0.238484
13 30 0
13 31 -0.0365147
13 32 -0.0365147
13 33 -0.146059
13 34 0
13 35 0
13 36 -0.127139
13 37 0.0746939
13 38 -0.0546719
13 39 -4.996e-16
13 40 0.218688
13 41 -0.281285
14 12 0.0161288
14 13 -0.0319849
14 14 0.387992
14 15 0.109915
14 16 -0.0787373
14 17 -0.00053446
14 30 -0.0283143
14 31 0.0378738
14 32 -0.112327
14 33 -0.137807
14 34 0.113257
14 35 -8.1532e-17
14 36 0.057089
14 37 -0.2857
14 38 -0.0546719
14 39 0.218688
14 40 7.00828e-16
14 41 -0.210866
15 12 0.237949
15 13 0.255974
15 14 0.109915
15 15 1.09813
15 16 -0.766947
15 17 -0.474829
15 30 0
15 31 1.31839e-16
15 32 0.146059
15 33 0.292117
15 34 0
15 35 0
15 36 -0.210866
15 37 -0.281285
15 38 -0.218688
15 39 0.437375
15 40 0.437375
15 41 -1.05426
16 12 0.159746
16 13 0.145524
16 14 -0.0787373
16 15 -0.766947
16 16 0.698011
16 17 -0.28998
16 30 -0.113257
16 31 -0.137807
16 32 -0.148884
16 33 -0.628133
16 34 0.226515
16 35 0.226515
16 36 -5.16948e-16
16 37 0.238484
16 38 0
16 39 0
16 40 0
16 41 0.476967
17 12 -0.146059
17 13 -0.238484
17 14 -0.00053446
17 15 -0.474829
17 16 -0.28998
17 17 0.00427568
17 30 0
17 31 0.146059
17 32 1.07553e-16
17 33 0.292117
17 34 0
17 35 0
17 36 0.238484
17 37 -1.66533e-16
17 38 0
17 39 0
17 40 0
17 41 0.476967
18 0 -0.296579
18 1 -0.0858817
18 2 0.117423
18 3 5.20417e-16
18 4 -0.448699
18 5 0.343527
18 18 0.452401
18 19 0.0109751
18 20 0.0990426
18 21 0.254439
18 22 -0.155142
18 23 0.189546
18 24 -0.131726
18 25 0.0279289
18 26 -0.0345584
18 27 -2.98372e-16
18 28 0.138234
18 29 -0.0983043
18 42 -0.063771
18 43 -0.063771
18 44 0
18 45 0
18 46 0
18 47 -0.255084
19 0 0.0606485
19 1 -0.0858817
19 2 -0.258628
19 3 0.343527
19 4 -0.221602
19 5 2.42861e-16
19 18 0.0109751
19 19 0.25704
19 20 0.0263899
19 21 -0.00983698
19 22 0.11559
19 23 0.0506972
19 24 -0.0290587
19 25 -0.0290587
19 26 0
19 27 0
19 28 0
19 29 -0.116235
19 42 -0.159632
19 43 0.0694597
19 44 -0.077859
19 45 -7.14706e-16
19 46 0.311436
19 47 -0.257971
20 0 -0.0711972
20 1 0
20 2 -0.0711972
20 3 0
20 4 -0.284789
20 5 0
20 18 0.0990426
20 19 0.0263899
20 20 0.494708
20 21 0.158717
20 22 -0.125438
20 23 0.284144
20 24 0.0490996
20 25 -0.112771
20 26 -0.0345584
20 27 0.138234
20 28 4.47559e-16
20 29 -0.182987
20 42 0.092038
20 43 -0.344728
20 44 -0.077859
20 45 0.311436
20 46 9.92262e-16
20 47 -0.348284
21 0 -6.10623e-16
21 1 0
21 2 0.284789
21 3 0
21 4 0.569577
21 5 0
21 18 0.254439
21 19 -0.00983698
21 20 0.158717
21 21 1.18444
21 22 -0.740059
21 23 -1.07717
21 24 1.76942e-16
21 25 0.116235
21 26 0
21 27 0
21 28 0
21 29 0.23247
21 42 -0.348284
21 43 -0.257971
21 44 -0.311436
21 45 0.622872
21 46 0.622872
21 47 -1.29198
22 0 0.284789
22 1 0
22 2 9.08995e-16
22 3 0
22 4 0.569577
22 5 0
22 18 -0.155142
22 19 0.11559
22 20 -0.125438
22 21 -0.740059
22 22 0.577388
22 23 -0.799468
22 24 -0.182987
22 25 -0.0983043
22 26 -0.138234
22 27 0.276467
22 28 0.276467
22 29 -0.616228
22 42 -7.07767e-16
22 43 0.255084
22 44 0
22 45 0
22 46 0
22 47 0.510168
23 0 -0.221602
23 1 -0.343527
23 2 -0.448699
23 3 0.687054
23 4 -1.42457
23 5 0.687054
23 18 0.189546
23 19 0.0506972
23 20 0.284144
23 21 -1.07717
23 22 -0.799468
23 23 1.31225
23 24 0.116235
23 25 8.32667e-17
23 26 0
23 27 0
23 28 0
23 29 0.23247
23 42 0.255084
23 43 -1.80411e-16
23 44 0
23 45 0
23 46 0
23 47 0.510168
24 18 -0.131726
24 19 -0.0290587
24 20 0.0490996
24 21 1.76942e-16
24 22 -0.182987
24 23 0.116235
24 24 0.172545
24 25 0.0257159
24 26 0.101538
24 27 0.26792
24 28 -0.138234
24 29 0.151645
24 48 -0.0671155
24 49 -0.0671155
24 50 0
24 51 0
24 52 0
24 53 -0.268462
25 18 0.0279289
25 19 -0.0290587
25 20 -0.112771
25 21 0.116235
25 22 -0.0983043
25 23 8.32667e-17
25 24 0.0257159
25 25 0.385242
25 26 -0.0420376
25 27 0.148918
25 28 -0.000542152
25 29 -0.116817
25 48 -0.287497
25 49 0.0769894
25 50 -0.0650888
25 51 -5.96745e-16
25 52 0.260355
25 53 -0.289267
26 18 -0.0345584
26 19 0
26 20 -0.0345584
26 21 0
26 22 -0.138234
26 23 0
26 24 0.101538
26 25 -0.0420376
26 26 0.183102
26 27 0.287152
26 28 -0.268462
26 29 0.137691
26 48 0.0739049
26 49 -0.183875
26 50 -0.0650888
26 51 0.260355
26 52 8.39606e-16
26 53 -0.27693
27 18 -2.98372e-16
27 19 0
27 20 0.138234
27 21 0
27 22 0.276467
27 23 0
27 24 0.26792
27 25 0.148918
27 26 0.287152
27 27 1.2277
27 28 -0.534755
27 29 -0.811222
27 48 -0.27693
27 49 -0.289267
27 50 -0.260355
27 51 0.520711
27 52 0.520711
27 53 -1.20715
28 18 0.138234
28 19 0
28 20 4.47559e-16
28 21 0
28 22 0.276467
28 23 0
28 24 -0.138234
28 25 -0.000542152
28 26 -0.268462
28 27 -0.534755
28 28 0.00433722
28 29 -0.274299
28 48 -3.19189e-16
28 49 0.268462
28 50 0
28 51 0
28 52 0
28 53 0.536924
29 18 -0.0983043
29 19 -0.116235
29 20 -0.182987
29 21 0.23247
29 22 -0.616228
29 23 0.23247
29 24 0.151645
29 25 -0.116817
29 26 0.137691
29 27 -0.811222
29 28 -0.274299
29 29 0.664562
29 48 0.268462
29 49 -1.94289e-16
29 50 0
29 51 0
29 52 0
29 53 0.536924
30 6 -0.0865281
30 7 -0.243431
30 8 0.0555695
30 9 -0.201207
30 10 -4.23273e-16
30 11 0.346112
30 12 -0.0283143
30 13 0
30 14 -0.0283143
30 15 0
30 16 -0.113257
30 17 0
30 30 0.256049
30 31 0.020319
30 32 0.0146827
30 33 0.112568
30 34 0.032344
30 35 0.0102206
30 54 -0.216101
30 55 0.081621
30 56 -0.0975523
30 57 -8.39606e-16
30 58 0.390209
30 59 -0.304991
31 6 -0.0865281
31 7 0.119133
31 8 -0.301748
31 9 -0.45546
31 10 0.346112
31 11 -2.42861e-16
31 12 -0.13691
31 13 -0.0365147
31 14 0.0378738
31 15 1.31839e-16
31 16 -0.137807
31 17 0.146059
31 30 0.020319
31 31 0.489445
31 32 0.101588
31 33 -0.141466
31 34 0.278573
31 35 0.176225
31 54 -0.0698155
31 55 -0.0698155
31 56 0
31 57 0
31 58 0
31 59 -0.279262
32 6 0
32 7 -0.0671028
32 8 -0.0671028
32 9 -0.268411
32 10 0
32 11 0
32 12 0.0406428
32 13 -0.0365147
32 14 -0.112327
32 15 0.146059
32 16 -0.148884
32 17 1.07553e-16
32 30 0.0146827
32 31 0.101588
32 32 0.474012
32 33 -0.152317
32 34 0.187498
32 35 0.267722
32 54 0.10724
32 55 -0.371975
32 56 -0.0975523
32 57 0.390209
32 58 1.249e-15
32 59 -0.407467
33 6 0
33 7 -6.17562e-16
33 8 0.268411
33 9 0.536823
33 10 0
33 11 0
33 12 -0.148884
33 13 -0.146059
33 14 -0.137807
33 15 0.292117
33 16 -0.628133
33 17 0.292117
33 30 0.112568
33 31 -0.141466
33 32 -0.152317
33 33 0.568044
33 34 -0.782282
33 35 -0.76058
33 54 5.20417e-16
33 55 0.279262
33 56 0
33 57 0
33 58 0
33 59 0.558524
34 6 0
34 7 0.268411
34 8 8.60423e-16
34 9 0.536823
34 10 0
34 11 0
34 12 -1.66533e-16
34 13 0
34 14 0.113257
34 15 0
34 16 0.226515
34 17 0
34 30 0.032344
34 31 0.278573
34 32 0.187498
34 33 -0.782282
34 34 1.29451
34 35 -1.09259
34 54 -0.407467
34 55 -0.304991
34 56 -0.390209
34 57 0.780418
34 58 0.780418
34 59 -1.51089
35 6 -0.346112
35 7 -0.45546
35 8 -0.201207
35 9 -1.39762
35 10 0.692225
35 11 0.692225
35 12 0.113257
35 13 0
35 14 -8.1532e-17
35 15 0
35 16 0.226515
35 17 0
35 30 0.0102206
35 31 0.176225
35 32 0.267722
35 33 -0.76058
35 34 -1.09259
35 35 1.24773
35 54 0.279262
35 55 2.01228e-16
35 56 0
35 57 0
35 58 0
35 59 0.558524
36 12 -0.0596209
36 13 -0.127139
36 14 0.057089
36 15 -0.210866
36 16 -5.16948e-16
36 17 0.238484
36 36 0.0941822
36 37 -0.030079
36 38 0.0880098
36 39 0.133352
36 40 -0.218688
36 41 0.236178
36 60 -0.0334837
36 61 -0.0334837
36 62 0
36 63 0
36 64 0
36 65 -0.133935
37 12 -0.0596209
37 13 0.0746939
37 14 -0.2857
37 15 -0.281285
37 16 0.238484
37 17 -1.66533e-16
37 36 -0.030079
37 37 0.475507
37 38 0.0141987
37 39 -0.0710653
37 40 -0.000582841
37 41 0.102243
37 60 -0.269709
37 61 0.0189264
37 62 -0.0453357
37 63 -4.19803e-16
37 64 0.181343
37 65 -0.0620178
38 12 0
38 13 -0.0546719
38 14 -0.0546719
38 15 -0.218688
38 16 0
38 17 0
38 36 0.0880098
38 37 0.0141987
38 38 0.0865772
38 39 0.147622
38 40 -0.133935
38 41 0.218105
38 60 0.0735806
38 61 -0.0214996
38 62 -0.0453357
38 63 0.181343
38 64 5.79398e-16
38 65 -0.280635
39 12 0
39 13 -4.996e-16
39 14 0.218688
39 15 0.437375
39 16 0
39 17 0
39 36 0.133352
39 37 -0.0710653
39 38 0.147622
39 39 0.649902
39 40 -0.265538
39 41 -0.702913
39 60 -0.280635
39 61 -0.0620178
39 62 -0.181343
39 63 0.362686
39 64 0.362686
39 65 -0.740056
40 12 0
40 13 0.218688
40 14 7.00828e-16
40 15 0.437375
40 16 0
40 17 0
40 36 -0.218688
40 37 -0.000582841
40 38 -0.133935
40 39 -0.265538
40 40 0.00466272
40 41 -0.435044
40 60 -1.21431e-16
40 61 0.133935
40 62 0
40 63 0
40 64 0
40 65 0.267869
41 12 -0.238484
41 13 -0.281285
41 14 -0.210866
41 15 -1.05426
41 16 0.476967
41 17 0.476967
41 36 0.236178
41 37 0.102243
41 38 0.218105
41 39 -0.702913
41 40 -0.435044
41 41 1.01933
41 60 0.133935
41 61 -9.71445e-17
41 62 0
41 63 0
41 64 0
41 65 0.267869
42 18 -0.063771
42 19 -0.159632
42 20 0.092038
42 21 -0.348284
42 22 -7.07767e-16
42 23 0.255084
42 42 0.272508
42 43 -0.00194208
42 44 0.0499886
42 45 0.132317
42 46 -0.0839937
42 47 0.120218
42 66 -0.107833
42 67 0.0488834
42 68 -0.0576213
42 69 -4.96131e-16
42 70 0.230485
42 71 -0.179177
42 72 -0.0332113
42 73 -0.0332113
42 74 0
42 75 0
42 76 0
42 77 -0.132845
43 18 -0.063771
43 19 0.0694597
43 20 -0.344728
43 21 -0.257971
43 22 0.255084
43 23 -1.80411e-16
43 42 -0.00194208
43 43 0.383108
43 44 0.0907992
43 45 -0.165615
43 46 0.210558
43 47 0.198458
43 66 -0.0527715
43 67 -0.0527715
43 68 0
43 69 0
43 70 0
43 71 -0.211086
43 72 -0.107057
43 73 0.0426508
43 74 -0.0550744
43 75 -5.0307e-16
43 76 0.220298
43 77 -0.157628
44 18 0
44 19 -0.077859
44 20 -0.077859
44 21 -0.311436
44 22 0
44 23 0
44 42 0.0499886
44 43 0.0907992
44 44 0.526611
44 45 -0.0652648
44 46 0.0945971
44 47 0.310908
44 66 0.0778659
44 67 -0.288771
44 68 -0.0576213
44 69 0.230485
44 70 7.42462e-16
44 71 -0.295107
44 72 0.0586107
44 73 -0.209703
44 74 -0.0550744
44 75 0.220298
44 76 7.04298e-16
44 77 -0.221467
45 18 0
45 19 -7.14706e-16
45 20 0.311436
45 21 0.622872
45 22 0
45 23 0
45 42 0.132317
45 43 -0.165615
45 44 -0.0652648
45 45 0.639412
45 46 -0.68575
45 47 -0.88645
45 66 4.64906e-16
45 67 0.211086
45 68 0
45 69 0
45 70 0
45 71 0.422172
45 72 -0.221467
45 73 -0.157628
45 74 -0.220298
45 75 0.440595
45 76 0.440595
45 77 -0.810093
46 18 0
46 19 0.311436
46 20 9.92262e-16
46 21 0.622872
46 22 0
46 23 0
46 42 -0.0839937
46 43 0.210558
46 44 0.0945971
46 45 -0.68575
46 46 0.979421
46 47 -1.04293
46 66 -0.295107
46 67 -0.179177
46 68 -0.230485
46 69 0.46097
46 70 0.46097
46 71 -1.01399
46 72 -3.92048e-16
46 73 0.132845
46 74 0
46 75 0
46 76 0
46 77 0.265691
47 18 -0.255084
47 19 -0.257971
47 20 -0.348284
47 21 -1.29198
47 22 0.510168
47 23 0.510168
47 42 0.120218
47 43 0.198458
47 44 0.310908
47 45 -0.88645
47 46 -1.04293
47 47 1.40891
47 66 0.211086
47 67 1.49186e-16
47 68 0
47 69 0
47 70 0
47 71 0.422172
47 72 0.132845
47 73 -9.36751e-17
47 74 0
47 75 0
47 76 0
47 77 0.265691
48 24 -0.0671155
48 25 -0.287497
48 26 0.0739049
48 27 -0.27693
48 28 -3.19189e-16
48 29 0.268462
48 48 0.376586
48 49 -0.0385423
48 50 0.0219649
48 51 -0.000559033
48 52 -0.102325
48 53 0.13492
48 78 -0.149001
48 79 0.0444641
48 80 -0.0552061
48 81 -4.71845e-16
48 82 0.220824
48 83 -0.163951
49 24 -0.0671155
49 25 0.0769894
49 26 -0.183875
49 27 -0.289267
49 28 0.268462
49 29 -1.94289e-16
49 48 -0.0385423
49 49 0.1863
49 50 0.10098
49 51 -0.260355
49 52 0.143566
49 53 0.279045
49 78 -0.0360312
49 79 -0.0360312
49 80 0
49 81 0
49 82 0
49 83 -0.144125
50 24 0
50 25 -0.0650888
50 26 -0.0650888
50 27 -0.260355
50 28 0
50 29 0
50 48 0.0219649
50 49 0.10098
50 50 0.176732
50 51 -0.144125
50 52 0.158031
50 53 0.259796
50 78 0.060679
50 79 -0.180333
50 80 -0.0552061
50 81 0.220824
50 82 7.11237e-16
50 83 -0.22881
51 24 0
51 25 -5.96745e-16
51 26 0.260355
51 27 0.520711
51 28 0
51 29 0
51 48 -0.000559033
51 49 -0.260355
51 50 -0.144125
51 51 0.00447226
51 52 -0.286014
51 53 -0.518474
51 78 2.39392e-16
51 79 0.144125
51 80 0
51 81 0
51 82 0
51 83 0.28825
52 24 0
52 25 0.260355
52 26 8.39606e-16
52 27 0.520711
52 28 0
52 29 0
52 48 -0.102325
52 49 0.143566
52 50 0.158031
52 51 -0.286014
52 52 0.692218
52 53 -0.806724
52 78 -0.22881
52 79 -0.163951
52 80 -0.220824
52 81 0.441649
52 82 0.441649
52 83 -0.841144
53 24 -0.268462
53 25 -0.289267
53 26 -0.27693
53 27 -1.20715
53 28 0.536924
53 29 0.536924
53 48 0.13492
53 49 0.279045
53 50 0.259796
53 51 -0.518474
53 52 -0.806724
53 53 1.19541
53 78 0.144125
53 79 1.04083e-16
53 80 0
53 81 0
53 82 0
53 83 0.28825
54 30 -0.216101
54 31 -0.0698155
54 32 0.10724
54 33 5.20417e-16
54 34 -0.407467
54 35 0.279262
54 54 0.290525
54 55 -0.0231636
54 56 0.0766264
54 57 0.143685
54 58 -0.178087
54 59 0.214846
54 60 -0.0360445
54 61 0
54 62 -0.0360445
54 63 0
54 64 -0.144178
54 65 0
54 84 -0.0700166
54 85 0.0325502
54 86 -0.0503725
54 87 -4.33681e-16
54 88 0.20149
54 89 -0.114935
55 30 0.081621
55 31 -0.0698155
55 32 -0.371975
55 33 0.279262
55 34 -0.304991
55 35 2.01228e-16
55 54 -0.0231636
55 55 0.36514
55 56 0.104066
55 57 -0.232966
55 58 0.196363
55 59 0.267524
55 60 -0.166639
55 61 -0.0413036
55 62 -0.0112943
55 63 -1.249e-16
55 64 0.058242
55 65 0.165214
55 84 -0.0492141
55 85 -0.0492141
55 86 0
55 87 0
55 88 0
55 89 -0.196856
56 30 -0.0975523
56 31 0
56 32 -0.0975523
56 33 0
56 34 -0.390209
56 35 0
56 54 0.0766264
56 55 0.104066
56 56 0.642715
56 57 -0.0396136
56 58 0.0679443
56 59 0.389716
56 60 0.101707
56 61 -0.0413036
56 62 -0.117664
56 63 0.165214
56 64 -0.393764
56 65 1.17961e-16
56 84 0.0823023
56 85 -0.289807
56 86 -0.0503725
56 87 0.20149
56 88 6.41848e-16
56 89 -0.313943
57 30 -8.39606e-16
57 31 0
57 32 0.390209
57 33 0
57 34 0.780418
57 35 0
57 54 0.143685
57 55 -0.232966
57 56 -0.0396136
57 57 0.685176
57 58 -0.680095
57 59 -1.0668
57 60 -0.393764
57 61 -0.165214
57 62 0.058242
57 63 0.330429
57 64 -0.723302
57 65 0.330429
57 84 5.27356e-16
57 85 0.196856
57 86 0
57 87 0
57 88 0
57 89 0.393712
58 30 0.390209
58 31 0
58 32 1.249e-15
58 33 0
58 34 0.780418
58 35 0
58 54 -0.178087
58 55 0.196363
58 56 0.0679443
58 57 -0.680095
58 58 0.913499
58 59 -1.17216
58 60 -5.68989e-16
58 61 0
58 62 0.144178
58 63 0
58 64 0.288356
58 65 0
58 84 -0.313943
58 85 -0.114935
58 86 -0.20149
58 87 0.40298
58 88 0.40298
58 89 -0.91882
59 30 -0.304991
59 31 -0.279262
59 32 -0.407467
59 33 0.558524
59 34 -1.51089
59 35 0.558524
59 54 0.214846
59 55 0.267524
59 56 0.389716
59 57 -1.0668
59 58 -1.17216
59 59 1.73673
59 60 0.144178
59 61 0
59 62 -1.00614e-16
59 63 0
59 64 0.288356
59 65 0
59 84 0.196856
59 85 1.42247e-16
59 86 0
59 87 0
59 88 0
59 89 0.393712
60 36 -0.0334837
60 37 -0.269709
60 38 0.0735806
60 39 -0.280635
60 40 -1.21431e-16
60 41 0.133935
60 54 -0.0360445
60 55 -0.166639
60 56 0.101707
60 57 -0.393764
60 58 -5.68989e-16
60 59 0.144178
60 60 0.714144
60 61 0.0990154
60 62 0.107391
60 63 0.439565
60 64 -0.00306392
60 65 0.0298162
60 90 -0.109999
60 91 -0.109999
60 92 0
60 93 0
60 94 0
60 95 -0.439996
61 36 -0.0334837
61 37 0.0189264
61 38 -0.0214996
61 39 -0.0620178
61 40 0.133935
61 41 -9.71445e-17
61 54 0
61 55 -0.0413036
61 56 -0.0413036
61 57 -0.165214
61 58 0
61 59 0
61 60 0.0990154
61 61 0.318484
61 62 -0.0341276
61 63 0.279973
61 64 0.164784
61 65 -0.244965
61 90 -0.219005
61 91 0.112177
61 92 -0.0543373
61 93 -4.996e-16
61 94 0.217349
61 95 -0.427385
62 36 0
62 37 -0.0453357
62 38 -0.0453357
62 39 -0.181343
62 40 0
62 41 0
62 54 -0.0360445
62 55 -0.0112943
62 56 -0.117664
62 57 0.058242
62 58 0.144178
62 59 -1.00614e-16
62 60 0.107391
62 61 -0.0341276
62 62 0.341431
62 63 0.296102
62 64 -0.261717
62 65 0.180913
62 90 0.0734804
62 91 -0.359286
62 92 -0.0543373
62 93 0.217349
62 94 6.97359e-16
62 95 -0.272601
63 36 0
63 37 -4.19803e-16
63 38 0.181343
63 39 0.362686
63 40 0
63 41 0
63 54 0
63 55 -1.249e-16
63 56 0.165214
63 57 0.330429
63 58 0
63 59 0
63 60 0.439565
63 61 0.279973
63 62 0.296102
63 63 1.93399
63 64 -1.2087
63 65 -1.24096
63 90 -0.272601
63 91 -0.427385
63 92 -0.217349
63 93 0.434698
63 94 0.434698
63 95 -1.48526
64 36 0
64 37 0.181343
64 38 5.79398e-16
64 39 0.362686
64 40 0
64 41 0
64 54 -0.144178
64 55 0.058242
64 56 -0.393764
64 57 -0.723302
64 58 0.288356
64 59 0.288356
64 60 -0.00306392
64 61 0.164784
64 62 -0.261717
64 63 -1.2087
64 64 0.768819
64 65 -0.691393
64 90 -7.56339e-16
64 91 0.439996
64 92 0
64 93 0
64 94 0
64 95 0.879992
65 36 -0.133935
65 37 -0.0620178
65 38 -0.280635
65 39 -0.740056
65 40 0.267869
65 41 0.267869
65 54 0
65 55 0.165214
65 56 1.17961e-16
65 57 0.330429
65 58 0
65 59 0
65 60 0.0298162
65 61 -0.244965
65 62 0.180913
65 63 -1.24096
65 64 -0.691393
65 65 0.838316
65 90 0.439996
65 91 -3.1225e-16
65 92 0
65 93 0
65 94 0
65 95 0.879992
66 42 -0.107833
66 43 -0.0527715
66 44 0.0778659
66 45 4.64906e-16
66 46 -0.295107
66 47 0.211086
66 66 0.291543
66 67 0.0252789
66 68 0.0339599
66 69 0.150585
66 70 -0.00100543
66 71 0.0331127
66 84 -0.149543
66 85 -0.0536223
66 86 0.0557285
66 87 3.05311e-16
66 88 -0.207163
66 89 0.214489
66 96 -0.0377671
66 97 -0.0377671
66 98 0
66 99 0
66 100 0
66 101 -0.151069
67 42 0.0488834
67 43 -0.0527715
67 44 -0.288771
67 45 0.211086
67 46 -0.179177
67 47 1.49186e-16
67 66 0.0252789
67 67 0.380516
67 68 0.0665445
67 69 -0.0661746
67 70 0.213245
67 71 0.0957733
67 84 -0.0534323
67 85 0
67 86 -0.0534323
67 87 0
67 88 -0.213729
67 89 0
67 96 -0.188986
67 97 0.0262551
67 98 -0.0402232
67 99 -3.67761e-16
67 100 0.160893
67 101 -0.0917785
68 42 -0.0576213
68 43 0
68 44 -0.0576213
68 45 0
68 46 -0.230485
68 47 0
68 66 0.0339599
68 67 0.0665445
68 68 0.404439
68 69 -0.0494184
68 70 0.0784113
68 71 0.230002
68 84 0.0670768
68 85 -0.0536223
68 86 -0.234623
68 87 0.214489
68 88 -0.252556
68 89 1.52656e-16
68 96 0.0649773
68 97 -0.0979536
68 98 -0.0402232
68 99 0.160893
68 100 5.16948e-16
68 101 -0.246667
69 42 -4.96131e-16
69 43 0
69 44 0.230485
69 45 0
69 46 0.46097
69 47 0
69 66 0.150585
69 67 -0.0661746
69 68 -0.0494184
69 69 0.71408
69 70 -0.727661
69 71 -0.761173
69 84 3.50414e-16
69 85 0
69 86 0.213729
69 87 0
69 88 0.427458
69 89 0
69 96 -0.246667
69 97 -0.0917785
69 98 -0.160893
69 99 0.321786
69 100 0.321786
69 101 -0.72986
70 42 0.230485
70 43 0
70 44 7.42462e-16
70 45 0
70 46 0.46097
70 47 0
70 66 -0.00100543
70 67 0.213245
70 68 0.0784113
70 69 -0.727661
70 70 0.984791
70 71 -0.886494
70 84 -0.252556
70 85 -0.214489
70 86 -0.207163
70 87 0.428978
70 88 -0.982443
70 89 0.428978
70 96 -2.77556e-16
70 97 0.151069
70 98 0
70 99 0
70 100 0
70 101 0.302137
71 42 -0.179177
71 43 -0.211086
71 44 -0.295107
71 45 0.422172
71 46 -1.01399
71 47 0.422172
71 66 0.0331127
71 67 0.0957733
71 68 0.230002
71 69 -0.761173
71 70 -0.886494
71 71 1.05666
71 84 0.213729
71 85 0
71 86 1.59595e-16
71 87 0
71 88 0.427458
71 89 0
71 96 0.151069
71 97 -1.07553e-16
71 98 0
71 99 0
71 100 0
71 101 0.302137
72 42 -0.0332113
72 43 -0.107057
72 44 0.0586107
72 45 -0.221467
72 46 -3.92048e-16
72 47 0.132845
72 72 0.29785
72 73 0.0296976
72 74 0.0396709
72 75 0.164105
72 76 -0.00697079
72 77 0.0323391
72 78 -0.132235
72 79 -0.0438443
72 80 0.0504891
72 81 2.5327e-16
72 82 -0.189564
72 83 0.175377
72 102 -0.041106
72 103 -0.041106
72 104 0
72 105 0
72 106 0
72 107 -0.164424
73 42 -0.0332113
73 43 0.0426508
73 44 -0.209703
73 45 -0.157628
73 46 0.132845
73 47 -9.36751e-17
73 72 0.0296976
73 73 0.350251
73 74 0.0585174
73 75 -0.0446637
73 76 0.200616
73 77 0.0688497
73 78 -0.0502336
73 79 0
73 80 -0.0502336
73 81 0
73 82 -0.200934
73 83 0
73 102 -0.131102
73 103 0.0431063
73 104 -0.0374631
73 105 -3.43475e-16
73 106 0.149852
73 107 -0.161215
74 42 0
74 43 -0.0550744
74 44 -0.0550744
74 45 -0.220298
74 46 0
74 47 0
74 72 0.0396709
74 73 0.0585174
74 74 0.378129
74 75 -0.0253004
74 76 0.048903
74 77 0.219979
74 78 0.0559813
74 79 -0.0438443
74 80 -0.199569
74 81 0.175377
74 82 -0.211533
74 83 1.249e-16
74 102 0.046673
74 103 -0.149446
74 104 -0.0374631
74 105 0.149852
74 106 4.78784e-16
74 107 -0.175482
75 42 0
75 43 -5.0307e-16
75 44 0.220298
75 45 0.440595
75 46 0
75 47 0
75 72 0.164105
75 73 -0.0446637
75 74 -0.0253004
75 75 0.749925
75 76 -0.729443
75 77 -0.768169
75 78 3.1572e-16
75 79 0
75 80 0.200934
75 81 0
75 82 0.401869
75 83 0
75 102 -0.175482
75 103 -0.161215
75 104 -0.149852
75 105 0.299705
75 106 0.299705
75 107 -0.718234
76 42 0
76 43 0.220298
76 44 7.04298e-16
76 45 0.440595
76 46 0
76 47 0
76 72 -0.00697079
76 73 0.200616
76 74 0.048903
76 75 -0.729443
76 76 0.905425
76 77 -0.841191
76 78 -0.211533
76 79 -0.175377
76 80 -0.189564
76 81 0.350755
76 82 -0.851763
76 83 0.350755
76 102 -3.05311e-16
76 103 0.164424
76 104 0
76 105 0
76 106 0
76 107 0.328848
77 42 -0.132845
77 43 -0.157628
77 44 -0.221467
77 45 -0.810093
77 46 0.265691
77 47 0.265691
77 72 0.0323391
77 73 0.0688497
77 74 0.219979
77 75 -0.768169
77 76 -0.841191
77 77 0.987545
77 78 0.200934
77 79 0
77 80 1.45717e-16
77 81 0
77 82 0.401869
77 83 0
77 102 0.164424
77 103 -1.17961e-16
77 104 0
77 105 0
77 106 0
77 107 0.328848
78 48 -0.149001
78 49 -0.0360312
78 50 0.060679
78 51 2.39392e-16
78 52 -0.22881
78 53 0.144125
78 72 -0.132235
78 73 -0.0502336
78 74 0.0559813
78 75 3.1572e-16
78 76 -0.211533
78 77 0.200934
78 78 0.333522
78 79 0.0283239
78 80 0.0518041
78 81 0.186554
78 82 -0.0330546
78 83 0.0593528
78 108 -0.0467298
78 109 -0.0467298
78 110 0
78 111 0
78 112 0
78 113 -0.186919
79 48 0.0444641
79 49 -0.0360312
79 50 -0.180333
79 51 0.144125
79 52 -0.163951
79 53 1.04083e-16
79 72 -0.0438443
79 73 0
79 74 -0.0438443
79 75 0
79 76 -0.175377
79 77 0
79 78 0.0283239
79 79 0.317012
79 80 0.0458326
79 81 -0.0211115
79 82 0.175012
79 83 0.047811
79 108 -0.0992339
79 109 0.058896
79 110 -0.04168
79 111 -3.81639e-16
79 112 0.16672
79 113 -0.22279
80 48 -0.0552061
80 49 0
80 50 -0.0552061
80 51 0
80 52 -0.220824
80 53 0
80 72 0.0504891
80 73 -0.0502336
80 74 -0.199569
80 75 0.200934
80 76 -0.189564
80 77 1.45717e-16
80 78 0.0518041
80 79 0.0458326
80 80 0.382156
80 81 0.0243355
80 82 0.00085068
80 83 0.220459
80 108 0.0423074
80 109 -0.21717
80 110 -0.04168
80 111 0.16672
80 112 5.30825e-16
80 113 -0.156436
81 48 -4.71845e-16
81 49 0
81 50 0.220824
81 51 0
81 52 0.441649
81 53 0
81 72 2.5327e-16
81 73 0
81 74 0.175377
81 75 0
81 76 0.350755
81 77 0
81 78 0.186554
81 79 -0.0211115
81 80 0.0243355
81 81 0.852945
81 82 -0.723133
81 83 -0.814027
81 108 -0.156436
81 109 -0.22279
81 110 -0.16672
81 111 0.33344
81 112 0.33344
81 113 -0.809628
82 48 0.220824
82 49 0
82 50 7.11237e-16
82 51 0
82 52 0.441649
82 53 0
82 72 -0.189564
82 73 -0.200934
82 74 -0.211533
82 75 0.401869
82 76 -0.851763
82 77 0.401869
82 78 -0.0330546
82 79 0.175012
82 80 0.00085068
82 81 -0.723133
82 82 0.803568
82 83 -0.790944
82 108 -3.88578e-16
82 109 0.186919
82 110 0
82 111 0
82 112 0
82 113 0.373838
83 48 -0.163951
83 49 -0.144125
83 50 -0.22881
83 51 0.28825
83 52 -0.841144
83 53 0.28825
83 72 0.175377
83 73 0
83 74 1.249e-16
83 75 0
83 76 0.350755
83 77 0
83 78 0.0593528
83 79 0.047811
83 80 0.220459
83 81 -0.814027
83 82 -0.790944
83 83 0.997462
83 108 0.186919
83 109 -1.35308e-16
83 110 0
83 111 0
83 112 0
83 113 0.373838
84 54 -0.0700166
84 55 -0.0492141
84 56 0.0823023
84 57 5.27356e-16
84 58 -0.313943
84 59 0.196856
84 66 -0.149543
84 67 -0.0534323
84 68 0.0670768
84 69 3.50414e-16
84 70 -0.252556
84 71 0.213729
84 84 0.313956
84 85 0.0373629
84 86 0.0306209
84 87 0.166984
84 88 0.02875
84 89 0.00226675
84 114 -0.0418666
84 115 -0.0418666
84 116 0
84 117 0
84 118 0
84 119 -0.167466
85 54 0.0325502
85 55 -0.0492141
85 56 -0.289807
85 57 0.196856
85 58 -0.114935
85 59 1.42247e-16
85 66 -0.0536223
85 67 0
85 68 -0.0536223
85 69 0
85 70 -0.214489
85 71 0
85 84 0.0373629
85 85 0.380824
85 86 0.0550489
85 87 -0.020106
85 88 0.214007
85 89 0.0492896
85 114 -0.173368
85 115 0.039736
85 116 -0.0361718
85 117 -3.33067e-16
85 118 0.144687
85 119 -0.145026
86 54 -0.0503725
86 55 0
86 56 -0.0503725
86 57 0
86 58 -0.20149
86 59 0
86 66 0.0557285
86 67 -0.0534323
86 68 -0.234623
86 69 0.213729
86 70 -0.207163
86 71 1.59595e-16
86 84 0.0306209
86 85 0.0550489
86 86 0.362294
86 87 -0.0331053
86 88 0.0627736
86 89 0.201008
86 114 0.05222
86 115 -0.116417
86 116 -0.0361718
86 117 0.144687
86 118 4.64906e-16
86 119 -0.194962
87 54 -4.33681e-16
87 55 0
87 56 0.20149
87 57 0
87 58 0.40298
87 59 0
87 66 3.05311e-16
87 67 0
87 68 0.214489
87 69 0
87 70 0.428978
87 71 0
87 84 0.166984
87 85 -0.020106
87 86 -0.0331053
87 87 0.785061
87 88 -0.761984
87 89 -0.735985
87 114 -0.194962
87 115 -0.145026
87 116 -0.144687
87 117 0.289374
87 118 0.289374
87 119 -0.735648
88 54 0.20149
88 55 0
88 56 6.41848e-16
88 57 0
88 58 0.40298
88 59 0
88 66 -0.207163
88 67 -0.213729
88 68 -0.252556
88 69 0.427458
88 70 -0.982443
88 71 0.427458
88 84 0.02875
88 85 0.214007
88 86 0.0627736
88 87 -0.761984
88 88 0.987819
88 89 -0.830031
88 114 -2.56739e-16
88 115 0.167466
88 116 0
88 117 0
88 118 0
88 119 0.334933
89 54 -0.114935
89 55 -0.196856
89 56 -0.313943
89 57 0.393712
89 58 -0.91882
89 59 0.393712
89 66 0.214489
89 67 0
89 68 1.52656e-16
89 69 0
89 70 0.428978
89 71 0
89 84 0.00226675
89 85 0.0492896
89 86 0.201008
89 87 -0.735985
89 88 -0.830031
89 89 0.931943
89 114 0.167466
89 115 -1.17961e-16
89 116 0
89 117 0
89 118 0
89 119 0.334933
90 60 -0.109999
90 61 -0.219005
90 62 0.0734804
90 63 -0.272601
90 64 -7.56339e-16
90 65 0.439996
90 90 0.289569
90 91 0.0426542
90 92 -0.0011581
90 93 0.129411
90 94 0.108945
90 95 -0.0625262
90 114 -0.0325707
90 115 0
90 116 -0.0325707
90 117 0
90 118 -0.130283
90 119 0
90 120 -0.231025
90 121 0.0841699
90 122 -0.0783644
90 123 -6.73073e-16
90 124 0.313458
90 125 -0.311581
91 60 -0.109999
91 61 0.112177
91 62 -0.359286
91 63 -0.427385
91 64 0.439996
91 65 -3.1225e-16
91 90 0.0426542
91 91 0.528756
91 92 0.0885943
91 93 -0.0705596
91 94 0.300325
91 95 0.108387
91 114 -0.235305
91 115 -0.0508833
91 116 0.0452386
91 117 7.97973e-17
91 118 -0.164448
91 119 0.203533
91 120 -0.075299
91 121 -0.075299
91 122 0
91 123 0
91 124 0
91 125 -0.301196
92 60 0
92 61 -0.0543373
92 62 -0.0543373
92 63 -0.217349
92 64 0
92 65 0
92 90 -0.0011581
92 91 0.0885943
92 92 0.410542
92 93 -0.154406
92 94 0.196012
92 95 0.216478
92 114 0.0547222
92 115 -0.0508833
92 116 -0.0810842
92 117 0.203533
92 118 -0.202382
92 119 1.45717e-16
92 120 0.0945919
92 121 -0.330359
92 122 -0.0783644
92 123 0.313458
92 124 1.00614e-15
92 125 -0.353269
93 60 0
93 61 -4.996e-16
93 62 0.217349
93 63 0.434698
93 64 0
93 65 0
93 90 0.129411
93 91 -0.0705596
93 92 -0.154406
93 93 0.660158
93 94 -0.859472
93 95 -0.691778
93 114 -0.202382
93 115 -0.203533
93 116 -0.164448
93 117 0.407066
93 118 -0.799687
93 119 0.407066
93 120 4.71845e-16
93 121 0.301196
93 122 0
93 123 0
93 124 0
93 125 0.602392
94 60 0
94 61 0.217349
94 62 6.97359e-16
94 63 0.434698
94 64 0
94 65 0
94 90 0.108945
94 91 0.300325
94 92 0.196012
94 93 -0.859472
94 94 1.41254
94 95 -1.0336
94 114 -7.28584e-17
94 115 0
94 116 0.130283
94 117 0
94 118 0.260566
94 119 0
94 120 -0.353269
94 121 -0.311581
94 122 -0.313458
94 123 0.626915
94 124 0.626915
94 125 -1.43009
95 60 -0.439996
95 61 -0.427385
95 62 -0.272601
95 63 -1.48526
95 64 0.879992
95 65 0.879992
95 90 -0.0625262
95 91 0.108387
95 92 0.216478
95 93 -0.691778
95 94 -1.0336
95 95 1.04693
95 114 0.130283
95 115 0
95 116 -9.02056e-17
95 117 0
95 118 0.260566
95 119 0
95 120 0.301196
95 121 2.15106e-16
95 122 0
95 123 0
95 124 0
95 125 0.602392
96 66 -0.0377671
96 67 -0.188986
96 68 0.0649773
96 69 -0.246667
96 70 -2.77556e-16
96 71 0.151069
96 96 0.522041
96 97 0.0743016
96 98 0.0677682
96 99 0.311131
96 100 0.0263089
96 101 0.000682441
96 102 -0.260014
96 103 -0.0563556
96 104 0.0667613
96 105 1.97758e-16
96 106 -0.253296
96 107 0.225422
96 126 -0.0778963
96 127 -0.0778963
96 128 0
96 129 0
96 130 0
96 131 -0.311585
97 66 -0.0377671
97 67 0.0262551
97 68 -0.0979536
97 69 -0.0917785
97 70 0.151069
97 71 -1.07553e-16
97 96 0.0743016
97 97 0.3242
97 98 -0.0036374
97 99 0.16912
97 100 0.172998
97 101 -0.13745
97 102 -0.0433631
97 103 0
97 104 -0.0433631
97 105 0
97 106 -0.173453
97 107 0
97 126 -0.291732
97 127 0.0713831
97 128 -0.0660915
97 129 -6.03684e-16
97 130 0.264366
97 131 -0.267105
98 66 0
98 67 -0.0402232
98 68 -0.0402232
98 69 -0.160893
98 70 0
98 71 0
98 96 0.0677682
98 97 -0.0036374
98 98 0.306375
98 99 0.15656
98 100 -0.124383
98 101 0.160439
98 102 0.0467066
98 103 -0.0563556
98 104 -0.0941395
98 105 0.225422
98 106 -0.173077
98 107 1.59595e-16
98 126 0.0910326
98 127 -0.213944
98 128 -0.0660915
98 129 0.264366
98 130 8.46545e-16
98 131 -0.345702
99 66 0
99 67 -3.67761e-16
99 68 0.160893
99 69 0.321786
99 70 0
99 71 0
99 96 0.311131
99 97 0.16912
99 98 0.15656
99 99 1.3974
99 100 -0.968259
99 101 -0.943139
99 102 4.16334e-17
99 103 0
99 104 0.173453
99 105 0
99 106 0.346905
99 107 0
99 126 -0.345702
99 127 -0.267105
99 128 -0.264366
99 129 0.528732
99 130 0.528732
99 131 -1.29933
100 66 0
100 67 0.160893
100 68 5.16948e-16
100 69 0.321786
100 70 0
100 71 0
100 96 0.0263089
100 97 0.172998
100 98 -0.124383
100 99 -0.968259
100 100 0.807437
100 101 -0.666874
100 102 -0.173077
100 103 -0.225422
100 104 -0.253296
100 105 0.450844
100 106 -0.907744
100 107 0.450844
100 126 -4.92661e-16
100 127 0.311585
100 128 0
100 129 0
100 130 0
100 131 0.62317
101 66 -0.151069
101 67 -0.0917785
101 68 -0.246667
101 69 -0.72986
101 70 0.302137
101 71 0.302137
101 96 0.000682441
101 97 -0.13745
101 98 0.160439
101 99 -0.943139
101 100 -0.666874
101 101 0.753141
101 102 0.173453
101 103 0
101 104 1.21431e-16
101 105 0
101 106 0.346905
101 107 0
101 126 0.311585
101 127 -2.22045e-16
101 128 0
101 129 0
101 130 0
101 131 0.62317
102 72 -0.041106
102 73 -0.131102
102 74 0.046673
102 75 -0.175482
102 76 -3.05311e-16
102 77 0.164424
102 96 -0.260014
102 97 -0.0433631
102 98 0.0467066
102 99 4.16334e-17
102 100 -0.173077
102 101 0.173453
102 102 0.380931
102 103 0.0682814
102 104 0.029227
102 105 0.219976
102 106 0.089319
102 107 -0.0643596
102 132 -0.0550814
102 133 -0.0550814
102 134 0
102 135 0
102 136 0
102 137 -0.220326
103 72 -0.041106
103 73 0.0431063
103 74 -0.149446
103 75 -0.161215
103 76 0.164424
103 77 -1.17961e-16
103 96 -0.0563556
103 97 0
103 98 -0.0563556
103 99 0
103 100 -0.225422
103 101 0
103 102 0.0682814
103 103 0.388264
103 104 0.0318534
103 105 0.0840661
103 106 0.225073
103 107 -0.059263
103 132 -0.248012
103 133 0.0516229
103 134 -0.0444612
103 135 -4.05925e-16
103 136 0.177845
103 137 -0.192899
104 72 0
104 73 -0.0374631
104 74 -0.0374631
104 75 -0.149852
104 76 0
104 77 0
104 96 0.0667613
104 97 -0.0433631
104 98 -0.0941395
104 99 0.173453
104 100 -0.253296
104 101 1.21431e-16
104 102 0.029227
104 103 0.0318534
104 104 0.279987
104 105 0.00849636
104 106 0.0188458
104 107 0.149503
104 132 0.0615127
104 133 -0.104988
104 134 -0.0444612
104 135 0.177845
104 136 5.72459e-16
104 137 -0.232458
105 72 0
105 73 -3.43475e-16
105 74 0.149852
105 75 0.299705
105 76 0
105 77 0
105 96 1.97758e-16
105 97 0
105 98 0.225422
105 99 0
105 100 0.450844
105 101 0
105 102 0.219976
105 103 0.0840661
105 104 0.00849636
105 105 0.992841
105 106 -0.890098
105 107 -0.738959
105 132 -0.232458
105 133 -0.192899
105 134 -0.177845
105 135 0.35569
105 136 0.35569
105 137 -0.905085
106 72 0
106 73 0.149852
106 74 4.78784e-16
106 75 0.299705
106 76 0
106 77 0
106 96 -0.253296
106 97 -0.173453
106 98 -0.173077
106 99 0.346905
106 100 -0.907744
106 101 0.346905
106 102 0.089319
106 103 0.225073
106 104 0.0188458
106 105 -0.890098
106 106 1.01448
106 107 -0.749152
106 132 -2.32453e-16
106 133 0.220326
106 134 0
106 135 0
106 136 0
106 137 0.440651
107 72 -0.164424
107 73 -0.161215
107 74 -0.175482
107 75 -0.718234
107 76 0.328848
107 77 0.328848
107 96 0.225422
107 97 0
107 98 1.59595e-16
107 99 0
107 100 0.450844
107 101 0
107 102 -0.0643596
107 103 -0.059263
107 104 0.149503
107 105 -0.738959
107 106 -0.749152
107 107 0.691887
107 132 0.220326
107 133 -1.56125e-16
107 134 0
107 135 0
107 136 0
107 137 0.440651
108 78 -0.0467298
108 79 -0.0992339
108 80 0.0423074
108 81 -0.156436
108 82 -3.88578e-16
108 83 0.186919
108 108 0.06739
108 109 -0.00539508
108 110 0.0843617
108 111 0.170727
108 112 -0.16672
108 113 0.179514
108 132 -0.042784
108 133 0
108 134 -0.042784
108 135 0
108 136 -0.171136
108 137 0
109 78 -0.0467298
109 79 0.058896
109 80 -0.21717
109 81 -0.22279
109 82 0.186919
109 83 -1.35308e-16
109 108 -0.00539508
109 109 0.476531
109 110 -0.00768736
109 111 0.0173783
109 112 -0.000409068
109 113 0.00837752
109 132 -0.231453
109 133 -0.04043
109 134 0.0502398
109 135 5.89806e-17
109 136 -0.187997
109 137 0.16172
110 78 0
110 79 -0.04168
110 80 -0.04168
110 81 -0.16672
110 82 0
110 83 0
110 108 0.0843617
110 109 -0.00768736
110 110 0.0677266
110 111 0.184098
110 112 -0.171136
110 113 0.166311
110 132 0.0459364
110 133 -0.04043
110 134 -0.0700372
110 135 0.16172
110 136 -0.170783
110 137 1.17961e-16
111 78 0
111 79 -3.81639e-16
111 80 0.16672
111 81 0.33344
111 82 0
111 83 0
111 108 0.170727
111 109 0.0173783
111 110 0.184098
111 111 0.791513
111 112 -0.340636
111 113 -0.674076
111 132 -0.170783
111 133 -0.16172
111 134 -0.187997
111 135 0.32344
111 136 -0.769409
111 137 0.32344
112 78 0
112 79 0.16672
112 80 5.30825e-16
112 81 0.33344
112 82 0
112 83 0
112 108 -0.16672
112 109 -0.000409068
112 110 -0.171136
112 111 -0.340636
112 112 0.00327255
112 113 -0.331803
112 132 -7.97973e-17
112 133 0
112 134 0.171136
112 135 0
112 136 0.342272
112 137 0
113 78 -0.186919
113 79 -0.22279
113 80 -0.156436
113 81 -0.809628
113 82 0.373838
113 83 0.373838
113 108 0.179514
113 109 0.00837752
113 110 0.166311
113 111 -0.674076
113 112 -0.331803
113 113 0.772502
113 132 0.171136
113 133 0
113 134 -1.21431e-16
113 135 0
113 136 0.342272
113 137 0
114 84 -0.0418666
114 85 -0.173368
114 86 0.05222
114 87 -0.194962
114 88 -2.56739e-16
114 89 0.167466
114 90 -0.0325707
114 91 -0.235305
114 92 0.0547222
114 93 -0.202382
114 94 -7.28584e-17
114 95 0.130283
114 114 0.461388
114 115 0.0742303
114 116 0.0435127
114 117 0.265911
114 118 0.0753528
114 119 -0.0449284
114 138 -0.0666171
114 139 -0.0666171
114 140 0
114 141 0
114 142 0
114 143 -0.266468
115 84 -0.0418666
115 85 0.039736
115 86 -0.116417
115 87 -0.145026
115 88 0.167466
115 89 -1.17961e-16
115 90 0
115 91 -0.0508833
115 92 -0.0508833
115 93 -0.203533
115 94 0
115 95 0
115 114 0.0742303
115 115 0.371746
115 116 0.0108548
115 117 0.140669
115 118 0.202975
115 119 -0.107864
115 138 -0.297219
115 139 0.0725931
115 140 -0.0683023
115 141 -6.31439e-16
115 142 0.273209
115 143 -0.271485
116 84 0
116 85 -0.0361718
116 86 -0.0361718
116 87 -0.144687
116 88 0
116 89 0
116 90 -0.0325707
116 91 0.0452386
116 92 -0.0810842
116 93 -0.164448
116 94 0.130283
116 95 -9.02056e-17
116 114 0.0435127
116 115 0.0108548
116 116 0.288656
116 117 0.0818226
116 118 -0.0464284
116 119 0.144129
116 138 0.0812136
116 139 -0.183088
116 140 -0.0683023
116 141 0.273209
116 142 8.74301e-16
116 143 -0.305967
117 84 0
117 85 -3.33067e-16
117 86 0.144687
117 87 0.289374
117 88 0
117 89 0
117 90 0
117 91 7.97973e-17
117 92 0.203533
117 93 0.407066
117 94 0
117 95 0
117 114 0.265911
117 115 0.140669
117 116 0.0818226
117 117 1.22143
117 118 -0.937772
117 119 -0.82008
117 138 -0.305967
117 139 -0.271485
117 140 -0.273209
117 141 0.546418
117 142 0.546418
117 143 -1.23045
118 84 0
118 85 0.144687
118 86 4.64906e-16
118 87 0.289374
118 88 0
118 89 0
118 90 -0.130283
118 91 -0.164448
118 92 -0.202382
118 93 -0.799687
118 94 0.260566
118 95 0.260566
118 114 0.0753528
118 115 0.202975
118 116 -0.0464284
118 117 -0.937772
118 118 0.95065
118 119 -0.694209
118 138 -3.40006e-16
118 139 0.266468
118 140 0
118 141 0
118 142 0
118 143 0.532937
119 84 -0.167466
119 85 -0.145026
119 86 -0.194962
119 87 -0.735648
119 88 0.334933
119 89 0.334933
119 90 0
119 91 0.203533
119 92 1.45717e-16
119 93 0.407066
119 94 0
119 95 0
119 114 -0.0449284
119 115 -0.107864
119 116 0.144129
119 117 -0.82008
119 118 -0.694209
119 119 0.694551
119 138 0.266468
119 139 -1.94289e-16
119 140 0
119 141 0
119 142 0
119 143 0.532937
120 90 -0.231025
120 91 -0.075299
120 92 0.0945919
120 93 4.71845e-16
120 94 -0.353269
120 95 0.301196
120 120 0.252512
120 121 -0.0546392
120 122 0.114639
120 123 0.145097
120 124 -0.313458
120 125 0.338556
120 144 -0.0364837
120 145 -0.0364837
120 146 0
120 147 0
120 148 0
120 149 -0.145935
121 90 0.0841699
121 91 -0.075299
121 92 -0.330359
121 93 0.301196
121 94 -0.311581
121 95 2.15106e-16
121 120 -0.0546392
121 121 0.372673
121 122 0.0331087
121 123 -0.150398
121 124 -0.000837342
121 125 0.192621
121 144 -0.149137
121 145 0.0416343
121 146 -0.0654197
121 147 -6.03684e-16
121 148 0.261679
121 149 -0.149412
122 90 -0.0783644
122 91 0
122 92 -0.0783644
122 93 0
122 94 -0.313458
122 95 0
122 120 0.114639
122 121 0.0331087
122 122 0.236566
122 123 0.16306
122 124 -0.145935
122 125 0.31262
122 144 0.0773943
122 145 -0.225074
122 146 -0.0654197
122 147 0.261679
122 148 8.32667e-16
122 149 -0.292452
123 90 -6.73073e-16
123 91 0
123 92 0.313458
123 93 0
123 94 0.626915
123 95 0
123 120 0.145097
123 121 -0.150398
123 122 0.16306
123 123 0.72744
123 124 -0.28852
123 125 -0.915435
123 144 -0.292452
123 145 -0.149412
123 146 -0.261679
123 147 0.523357
123 148 0.523357
123 149 -0.952229
124 90 0.313458
124 91 0
124 92 1.00614e-15
124 93 0
124 94 0.626915
