5830 5830 58300
0 0 0.00027203
0 1 3.93728e-05
0 2 3.93728e-05
0 3 9.66422e-05
0 4 9.66422e-05
0 5 6.44281e-05
0 6 -1.23674e-18
0 7 6.44281e-05
0 8 -1.31613e-18
0 9 0.000128856
1 0 3.93728e-05
1 1 0.00027203
1 2 3.93728e-05
1 3 6.44281e-05
1 4 -1.18837e-18
1 5 9.66422e-05
1 6 9.66422e-05
1 7 -1.39174e-18
1 8 6.44281e-05
1 9 0.000128856
2 0 3.93728e-05
2 1 3.93728e-05
2 2 0.00027203
2 3 -1.18855e-18
2 4 6.44281e-05
2 5 -1.05156e-18
2 6 6.44281e-05
2 7 9.66422e-05
2 8 9.66422e-05
2 9 0.000128856
3 0 9.66422e-05
3 1 6.44281e-05
3 2 -1.1906e-18
3 3 0.00193284
3 4 -0.000676496
3 5 -0.000193284
3 6 -0.000483211
3 7 -0.000483211
3 8 0.000966422
3 9 0.000579853
4 0 9.66422e-05
4 1 -1.18706e-18
4 2 6.44281e-05
4 3 -0.000676496
4 4 0.00193284
4 5 -0.000483211
4 6 0.000966422
4 7 -0.000193284
4 8 -0.000483211
4 9 0.000579853
5 0 6.44281e-05
5 1 9.66422e-05
5 2 -1.02196e-18
5 3 -0.000193284
5 4 -0.000483211
5 5 0.00193284
5 6 -0.000676496
5 7 0.000966422
5 8 -0.000483211
5 9 0.000579853
6 0 -1.2206e-18
6 1 9.66422e-05
6 2 6.44281e-05
6 3 -0.000483211
6 4 0.000966422
6 5 -0.000676496
6 6 0.00193284
6 7 -0.000483211
6 8 -0.000193284
6 9 0.000579853
7 0 6.44281e-05
7 1 -1.40567e-18
7 2 9.66422e-05
7 3 -0.000483211
7 4 -0.000193284
7 5 0.000966422
7 6 -0.000483211
7 7 0.00193284
7 8 -0.000676496
7 9 0.000579853
8 0 -1.31322e-18
8 1 6.44281e-05
8 2 9.66422e-05
8 3 0.000966422
8 4 -0.000483211
8 5 -0.000483211
8 6 -0.000193284
8 7 -0.000676496
8 8 0.00193284
8 9 0.000579853
9 0 0.000128856
9 1 0.000128856
9 2 0.000128856
9 3 0.000579853
9 4 0.000579853
9 5 0.000579853
9 6 0.000579853
9 7 0.000579853
9 8 0.000579853
9 9 0.00695824
10 10 0.00027203
10 11 3.93728e-05
10 12 3.93728e-05
10 13 9.66422e-05
10 14 9.66422e-05
10 15 6.44281e-05
10 16 -1.24789e-18
10 17 6.44281e-05
10 18 -1.32615e-18
10 19 0.000128856
11 10 3.93728e-05
11 11 0.00027203
11 12 3.93728e-05
11 13 6.44281e-05
11 14 -1.19651e-18
11 15 9.66422e-05
11 16 9.66422e-05
11 17 -1.41022e-18
11 18 6.44281e-05
11 19 0.000128856
12 10 3.93728e-05
12 11 3.93728e-05
12 12 0.00027203
12 13 -1.19639e-18
12 14 6.44281e-05
12 15 -1.05855e-18
12 16 6.44281e-05
12 17 9.66422e-05
12 18 9.66422e-05
12 19 0.000128856
13 10 9.66422e-05
13 11 6.44281e-05
13 12 -1.2004e-18
13 13 0.00193284
13 14 -0.000676496
13 15 -0.000193284
13 16 -0.000483211
13 17 -0.000483211
13 18 0.000966422
13 19 0.000579853
14 10 9.66422e-05
14 11 -1.1811e-18
14 12 6.44281e-05
14 13 -0.000676496
14 14 0.00193284
14 15 -0.000483211
14 16 0.000966422
14 17 -0.000193284
14 18 -0.000483211
14 19 0.000579853
15 10 6.44281e-05
15 11 9.66422e-05
15 12 -1.05207e-18
15 13 -0.000193284
15 14 -0.000483211
15 15 0.00193284
15 16 -0.000676496
15 17 0.000966422
15 18 -0.000483211
15 19 0.000579853
16 10 -1.24186e-18
16 11 9.66422e-05
16 12 6.44281e-05
16 13 -0.000483211
16 14 0.000966422
16 15 -0.000676496
16 16 0.00193284
16 17 -0.000483211
16 18 -0.000193284
16 19 0.000579853
17 10 6.44281e-05
17 11 -1.39986e-18
17 12 9.66422e-05
17 13 -0.000483211
17 14 -0.000193284
17 15 0.000966422
17 16 -0.000483211
17 17 0.00193284
17 18 -0.000676496
17 19 0.000579853
18 10 -1.29984e-18
18 11 6.44281e-05
18 12 9.66422e-05
18 13 0.000966422
18 14 -0.000483211
18 15 -0.000483211
18 16 -0.000193284
18 17 -0.000676496
18 18 0.00193284
18 19 0.000579853
19 10 0.000128856
19 11 0.000128856
19 12 0.000128856
19 13 0.000579853
19 14 0.000579853
19 15 0.000579853
19 16 0.000579853
19 17 0.000579853
19 18 0.000579853
19 19 0.00695824
20 20 0.000272002
20 21 3.93687e-05
20 22 3.93687e-05
20 23 9.66323e-05
20 24 9.66323e-05
20 25 6.44215e-05
20 26 -1.22829e-18
20 27 6.44215e-05
20 28 -1.2998e-18
20 29 0.000128843
21 20 3.93687e-05
21 21 0.000272002
21 22 3.93687e-05
21 23 6.44215e-05
21 24 -1.18692e-18
21 25 9.66323e-05
21 26 9.66323e-05
21 27 -1.40934e-18
21 28 6.44215e-05
21 29 0.000128843
22 20 3.93687e-05
22 21 3.93687e-05
22 22 0.000272002
22 23 -1.19089e-18
22 24 6.44215e-05
22 25 -1.04243e-18
22 26 6.44215e-05
22 27 9.66323e-05
22 28 9.66323e-05
22 29 0.000128843
23 20 9.66323e-05
23 21 6.44215e-05
23 22 -1.16914e-18
23 23 0.00193265
23 24 -0.000676426
23 25 -0.000193265
23 26 -0.000483162
23 27 -0.000483162
23 28 0.000966323
23 29 0.000579794
24 20 9.66323e-05
24 21 -1.17418e-18
24 22 6.44215e-05
24 23 -0.000676426
24 24 0.00193265
24 25 -0.000483162
24 26 0.000966323
24 27 -0.000193265
24 28 -0.000483162
24 29 0.000579794
25 20 6.44215e-05
25 21 9.66323e-05
25 22 -1.04593e-18
25 23 -0.000193265
25 24 -0.000483162
25 25 0.00193265
25 26 -0.000676426
25 27 0.000966323
25 28 -0.000483162
25 29 0.000579794
26 20 -1.21483e-18
26 21 9.66323e-05
26 22 6.44215e-05
26 23 -0.000483162
26 24 0.000966323
26 25 -0.000676426
26 26 0.00193265
26 27 -0.000483162
26 28 -0.000193265
26 29 0.000579794
27 20 6.44215e-05
27 21 -1.39498e-18
27 22 9.66323e-05
27 23 -0.000483162
27 24 -0.000193265
27 25 0.000966323
27 26 -0.000483162
27 27 0.00193265
27 28 -0.000676426
27 29 0.000579794
28 20 -1.29059e-18
28 21 6.44215e-05
28 22 9.66323e-05
28 23 0.000966323
28 24 -0.000483162
28 25 -0.000483162
28 26 -0.000193265
28 27 -0.000676426
28 28 0.00193265
28 29 0.000579794
29 20 0.000128843
29 21 0.000128843
29 22 0.000128843
29 23 0.000579794
29 24 0.000579794
29 25 0.000579794
29 26 0.000579794
29 27 0.000579794
29 28 0.000579794
29 29 0.00695753
30 30 0.000328137
30 31 4.74935e-05
30 32 4.74935e-05
30 33 0.000116575
30 34 0.000116575
30 35 7.77166e-05
30 36 -1.48972e-18
30 37 7.77166e-05
30 38 -1.58138e-18
30 39 0.000155433
31 30 4.74935e-05
31 31 0.000328137
31 32 4.74935e-05
31 33 7.77166e-05
31 34 -1.46412e-18
31 35 0.000116575
31 36 0.000116575
31 37 -1.73325e-18
31 38 7.77166e-05
31 39 0.000155433
32 30 4.74935e-05
32 31 4.74935e-05
32 32 0.000328137
32 33 -1.43779e-18
32 34 7.77166e-05
32 35 -1.24399e-18
32 36 7.77166e-05
32 37 0.000116575
32 38 0.000116575
32 39 0.000155433
33 30 0.000116575
33 31 7.77166e-05
33 32 -1.42766e-18
33 33 0.0023315
33 34 -0.000816025
33 35 -0.00023315
33 36 -0.000582875
33 37 -0.000582875
33 38 0.00116575
33 39 0.00069945
34 30 0.000116575
34 31 -1.43097e-18
34 32 7.77166e-05
34 33 -0.000816025
34 34 0.0023315
34 35 -0.000582875
34 36 0.00116575
34 37 -0.00023315
34 38 -0.000582875
34 39 0.00069945
35 30 7.77166e-05
35 31 0.000116575
35 32 -1.23194e-18
35 33 -0.00023315
35 34 -0.000582875
35 35 0.0023315
35 36 -0.000816025
35 37 0.00116575
35 38 -0.000582875
35 39 0.00069945
36 30 -1.47742e-18
36 31 0.000116575
36 32 7.77166e-05
36 33 -0.000582875
36 34 0.00116575
36 35 -0.000816025
36 36 0.0023315
36 37 -0.000582875
36 38 -0.00023315
36 39 0.00069945
37 30 7.77166e-05
37 31 -1.69161e-18
37 32 0.000116575
37 33 -0.000582875
37 34 -0.00023315
37 35 0.00116575
37 36 -0.000582875
37 37 0.0023315
37 38 -0.000816025
37 39 0.00069945
38 30 -1.5695e-18
38 31 7.77166e-05
38 32 0.000116575
38 33 0.00116575
38 34 -0.000582875
38 35 -0.000582875
38 36 -0.00023315
38 37 -0.000816025
38 38 0.0023315
38 39 0.00069945
39 30 0.000155433
39 31 0.000155433
39 32 0.000155433
39 33 0.00069945
39 34 0.00069945
39 35 0.00069945
39 36 0.00069945
39 37 0.00069945
39 38 0.00069945
39 39 0.00839339
40 40 0.000275917
40 41 3.99353e-05
40 42 3.99353e-05
40 43 9.8023e-05
40 44 9.8023e-05
40 45 6.53487e-05
40 46 -1.24944e-18
40 47 6.53487e-05
40 48 -1.328e-18
40 49 0.000130697
41 40 3.99353e-05
41 41 0.000275917
41 42 3.99353e-05
41 43 6.53487e-05
41 44 -1.19787e-18
41 45 9.8023e-05
41 46 9.8023e-05
41 47 -1.43337e-18
41 48 6.53487e-05
41 49 0.000130697
42 40 3.99353e-05
42 41 3.99353e-05
42 42 0.000275917
42 43 -1.20638e-18
42 44 6.53487e-05
42 45 -1.06047e-18
42 46 6.53487e-05
42 47 9.8023e-05
42 48 9.8023e-05
42 49 0.000130697
43 40 9.8023e-05
43 41 6.53487e-05
43 42 -1.19943e-18
43 43 0.00196046
43 44 -0.000686161
43 45 -0.000196046
43 46 -0.000490115
43 47 -0.000490115
43 48 0.00098023
43 49 0.000588138
44 40 9.8023e-05
44 41 -1.21007e-18
44 42 6.53487e-05
44 43 -0.000686161
44 44 0.00196046
44 45 -0.000490115
44 46 0.00098023
44 47 -0.000196046
44 48 -0.000490115
44 49 0.000588138
45 40 6.53487e-05
45 41 9.8023e-05
45 42 -1.0707e-18
45 43 -0.000196046
45 44 -0.000490115
45 45 0.00196046
45 46 -0.000686161
45 47 0.00098023
45 48 -0.000490115
45 49 0.000588138
46 40 -1.26316e-18
46 41 9.8023e-05
46 42 6.53487e-05
46 43 -0.000490115
46 44 0.00098023
46 45 -0.000686161
46 46 0.00196046
46 47 -0.000490115
46 48 -0.000196046
46 49 0.000588138
47 40 6.53487e-05
47 41 -1.45236e-18
47 42 9.8023e-05
47 43 -0.000490115
47 44 -0.000196046
47 45 0.00098023
47 46 -0.000490115
47 47 0.00196046
47 48 -0.000686161
47 49 0.000588138
48 40 -1.32604e-18
48 41 6.53487e-05
48 42 9.8023e-05
48 43 0.00098023
48 44 -0.000490115
48 45 -0.000490115
48 46 -0.000196046
48 47 -0.000686161
48 48 0.00196046
48 49 0.000588138
49 40 0.000130697
49 41 0.000130697
49 42 0.000130697
49 43 0.000588138
49 44 0.000588138
49 45 0.000588138
49 46 0.000588138
49 47 0.000588138
49 48 0.000588138
49 49 0.00705766
50 50 0.000350779
50 51 5.07706e-05
50 52 5.07706e-05
50 53 0.000124619
50 54 0.000124619
50 55 8.30791e-05
50 56 -1.59785e-18
50 57 8.30791e-05
50 58 -1.68628e-18
50 59 0.000166158
51 50 5.07706e-05
51 51 0.000350779
51 52 5.07706e-05
51 53 8.30791e-05
51 54 -1.52711e-18
51 55 0.000124619
51 56 0.000124619
51 57 -1.82978e-18
51 58 8.30791e-05
51 59 0.000166158
52 50 5.07706e-05
52 51 5.07706e-05
52 52 0.000350779
52 53 -1.52126e-18
52 54 8.30791e-05
52 55 -1.34828e-18
52 56 8.30791e-05
52 57 0.000124619
52 58 0.000124619
52 59 0.000166158
53 50 0.000124619
53 51 8.30791e-05
53 52 -1.52949e-18
53 53 0.00249237
53 54 -0.000872331
53 55 -0.000249237
53 56 -0.000623094
53 57 -0.000623094
53 58 0.00124619
53 59 0.000747712
54 50 0.000124619
54 51 -1.52795e-18
54 52 8.30791e-05
54 53 -0.000872331
54 54 0.00249237
54 55 -0.000623094
54 56 0.00124619
54 57 -0.000249237
54 58 -0.000623094
54 59 0.000747712
55 50 8.30791e-05
55 51 0.000124619
55 52 -1.35587e-18
55 53 -0.000249237
55 54 -0.000623094
55 55 0.00249237
55 56 -0.000872331
55 57 0.00124619
55 58 -0.000623094
55 59 0.000747712
56 50 -1.59865e-18
56 51 0.000124619
56 52 8.30791e-05
56 53 -0.000623094
56 54 0.00124619
56 55 -0.000872331
56 56 0.00249237
56 57 -0.000623094
56 58 -0.000249237
56 59 0.000747712
57 50 8.30791e-05
57 51 -1.83912e-18
57 52 0.000124619
57 53 -0.000623094
57 54 -0.000249237
57 55 0.00124619
57 56 -0.000623094
57 57 0.00249237
57 58 -0.000872331
57 59 0.000747712
58 50 -1.67247e-18
58 51 8.30791e-05
58 52 0.000124619
58 53 0.00124619
58 54 -0.000623094
58 55 -0.000623094
58 56 -0.000249237
58 57 -0.000872331
58 58 0.00249237
58 59 0.000747712
59 50 0.000166158
59 51 0.000166158
59 52 0.000166158
59 53 0.000747712
59 54 0.000747712
59 55 0.000747712
59 56 0.000747712
59 57 0.000747712
59 58 0.000747712
59 59 0.00897255
60 60 0.000296624
60 61 4.29325e-05
60 62 4.29325e-05
60 63 0.00010538
60 64 0.00010538
60 65 7.02531e-05
60 66 -1.32341e-18
60 67 7.02531e-05
60 68 -1.40004e-18
60 69 0.000140506
61 60 4.29325e-05
61 61 0.000296624
61 62 4.29325e-05
61 63 7.02531e-05
61 64 -1.29059e-18
61 65 0.00010538
61 66 0.00010538
61 67 -1.52165e-18
61 68 7.02531e-05
61 69 0.000140506
62 60 4.29325e-05
62 61 4.29325e-05
62 62 0.000296624
62 63 -1.26678e-18
62 64 7.02531e-05
62 65 -1.12755e-18
62 66 7.02531e-05
62 67 0.00010538
62 68 0.00010538
62 69 0.000140506
63 60 0.00010538
63 61 7.02531e-05
63 62 -1.2798e-18
63 63 0.00210759
63 64 -0.000737658
63 65 -0.000210759
63 66 -0.000526898
63 67 -0.000526898
63 68 0.0010538
63 69 0.000632278
64 60 0.00010538
64 61 -1.29247e-18
64 62 7.02531e-05
64 63 -0.000737658
64 64 0.00210759
64 65 -0.000526898
64 66 0.0010538
64 67 -0.000210759
64 68 -0.000526898
64 69 0.000632278
65 60 7.02531e-05
65 61 0.00010538
65 62 -1.12977e-18
65 63 -0.000210759
65 64 -0.000526898
65 65 0.00210759
65 66 -0.000737658
65 67 0.0010538
65 68 -0.000526898
65 69 0.000632278
66 60 -1.33922e-18
66 61 0.00010538
66 62 7.02531e-05
66 63 -0.000526898
66 64 0.0010538
66 65 -0.000737658
66 66 0.00210759
66 67 -0.000526898
66 68 -0.000210759
66 69 0.000632278
67 60 7.02531e-05
67 61 -1.50831e-18
67 62 0.00010538
67 63 -0.000526898
67 64 -0.000210759
67 65 0.0010538
67 66 -0.000526898
67 67 0.00210759
67 68 -0.000737658
67 69 0.000632278
68 60 -1.4155e-18
68 61 7.02531e-05
68 62 0.00010538
68 63 0.0010538
68 64 -0.000526898
68 65 -0.000526898
68 66 -0.000210759
68 67 -0.000737658
68 68 0.00210759
68 69 0.000632278
69 60 0.000140506
69 61 0.000140506
69 62 0.000140506
69 63 0.000632278
69 64 0.000632278
69 65 0.000632278
69 66 0.000632278
69 67 0.000632278
69 68 0.000632278
69 69 0.00758734
70 70 0.000268763
70 71 3.88999e-05
70 72 3.88999e-05
70 73 9.54815e-05
70 74 9.54815e-05
70 75 6.36544e-05
70 76 -1.21587e-18
70 77 6.36544e-05
70 78 -1.27452e-18
70 79 0.000127309
71 70 3.88999e-05
71 71 0.000268763
71 72 3.88999e-05
71 73 6.36544e-05
71 74 -1.16673e-18
71 75 9.54815e-05
71 76 9.54815e-05
71 77 -1.41386e-18
71 78 6.36544e-05
71 79 0.000127309
72 70 3.88999e-05
72 71 3.88999e-05
72 72 0.000268763
72 73 -1.16942e-18
72 74 6.36544e-05
72 75 -1.01238e-18
72 76 6.36544e-05
72 77 9.54815e-05
72 78 9.54815e-05
72 79 0.000127309
73 70 9.54815e-05
73 71 6.36544e-05
73 72 -1.17689e-18
73 73 0.00190963
73 74 -0.000668371
73 75 -0.000190963
73 76 -0.000477408
73 77 -0.000477408
73 78 0.000954815
73 79 0.000572889
74 70 9.54815e-05
74 71 -1.18225e-18
74 72 6.36544e-05
74 73 -0.000668371
74 74 0.00190963
74 75 -0.000477408
74 76 0.000954815
74 77 -0.000190963
74 78 -0.000477408
74 79 0.000572889
75 70 6.36544e-05
75 71 9.54815e-05
75 72 -1.02773e-18
75 73 -0.000190963
75 74 -0.000477408
75 75 0.00190963
75 76 -0.000668371
75 77 0.000954815
75 78 -0.000477408
75 79 0.000572889
76 70 -1.23178e-18
76 71 9.54815e-05
76 72 6.36544e-05
76 73 -0.000477408
76 74 0.000954815
76 75 -0.000668371
76 76 0.00190963
76 77 -0.000477408
76 78 -0.000190963
76 79 0.000572889
77 70 6.36544e-05
77 71 -1.40736e-18
77 72 9.54815e-05
77 73 -0.000477408
77 74 -0.000190963
77 75 0.000954815
77 76 -0.000477408
77 77 0.00190963
77 78 -0.000668371
77 79 0.000572889
78 70 -1.29723e-18
78 71 6.36544e-05
78 72 9.54815e-05
78 73 0.000954815
78 74 -0.000477408
78 75 -0.000477408
78 76 -0.000190963
78 77 -0.000668371
78 78 0.00190963
78 79 0.000572889
79 70 0.000127309
79 71 0.000127309
79 72 0.000127309
79 73 0.000572889
79 74 0.000572889
79 75 0.000572889
79 76 0.000572889
79 77 0.000572889
79 78 0.000572889
79 79 0.00687467
80 80 0.000284508
80 81 4.11788e-05
80 82 4.11788e-05
80 83 0.000101075
80 84 0.000101075
80 85 6.73834e-05
80 86 -1.27947e-18
80 87 6.73834e-05
80 88 -1.36641e-18
80 89 0.000134767
81 80 4.11788e-05
81 81 0.000284508
81 82 4.11788e-05
81 83 6.73834e-05
81 84 -1.25015e-18
81 85 0.000101075
81 86 0.000101075
81 87 -1.49675e-18
81 88 6.73834e-05
81 89 0.000134767
82 80 4.11788e-05
82 81 4.11788e-05
82 82 0.000284508
82 83 -1.24927e-18
82 84 6.73834e-05
82 85 -1.08613e-18
82 86 6.73834e-05
82 87 0.000101075
82 88 0.000101075
82 89 0.000134767
83 80 0.000101075
83 81 6.73834e-05
83 82 -1.25014e-18
83 83 0.0020215
83 84 -0.000707526
83 85 -0.00020215
83 86 -0.000505376
83 87 -0.000505376
83 88 0.00101075
83 89 0.000606451
84 80 0.000101075
84 81 -1.23859e-18
84 82 6.73834e-05
84 83 -0.000707526
84 84 0.0020215
84 85 -0.000505376
84 86 0.00101075
84 87 -0.00020215
84 88 -0.000505376
84 89 0.000606451
85 80 6.73834e-05
85 81 0.000101075
85 82 -1.08068e-18
85 83 -0.00020215
85 84 -0.000505376
85 85 0.0020215
85 86 -0.000707526
85 87 0.00101075
85 88 -0.000505376
85 89 0.000606451
86 80 -1.28096e-18
86 81 0.000101075
86 82 6.73834e-05
86 83 -0.000505376
86 84 0.00101075
86 85 -0.000707526
86 86 0.0020215
86 87 -0.000505376
86 88 -0.00020215
86 89 0.000606451
87 80 6.73834e-05
87 81 -1.48524e-18
87 82 0.000101075
87 83 -0.000505376
87 84 -0.00020215
87 85 0.00101075
87 86 -0.000505376
87 87 0.0020215
87 88 -0.000707526
87 89 0.000606451
88 80 -1.3698e-18
88 81 6.73834e-05
88 82 0.000101075
88 83 0.00101075
88 84 -0.000505376
88 85 -0.000505376
88 86 -0.00020215
88 87 -0.000707526
88 88 0.0020215
88 89 0.000606451
89 80 0.000134767
89 81 0.000134767
89 82 0.000134767
89 83 0.000606451
89 84 0.000606451
89 85 0.000606451
89 86 0.000606451
89 87 0.000606451
89 88 0.000606451
89 89 0.00727741
90 90 0.000251043
90 91 3.63351e-05
90 92 3.63351e-05
90 93 8.91862e-05
90 94 8.91862e-05
90 95 5.94575e-05
90 96 -1.11993e-18
90 97 5.94575e-05
90 98 -1.19583e-18
90 99 0.000118915
91 90 3.63351e-05
91 91 0.000251043
91 92 3.63351e-05
91 93 5.94575e-05
91 94 -1.08736e-18
91 95 8.91862e-05
91 96 8.91862e-05
91 97 -1.29303e-18
91 98 5.94575e-05
91 99 0.000118915
92 90 3.63351e-05
92 91 3.63351e-05
92 92 0.000251043
92 93 -1.07864e-18
92 94 5.94575e-05
92 95 -9.43224e-19
92 96 5.94575e-05
92 97 8.91862e-05
92 98 8.91862e-05
92 99 0.000118915
93 90 8.91862e-05
93 91 5.94575e-05
93 92 -1.08022e-18
93 93 0.00178372
93 94 -0.000624304
93 95 -0.000178372
93 96 -0.000445931
93 97 -0.000445931
93 98 0.000891862
93 99 0.000535117
94 90 8.91862e-05
94 91 -1.09193e-18
94 92 5.94575e-05
94 93 -0.000624304
94 94 0.00178372
94 95 -0.000445931
94 96 0.000891862
94 97 -0.000178372
94 98 -0.000445931
94 99 0.000535117
95 90 5.94575e-05
95 91 8.91862e-05
95 92 -9.40937e-19
95 93 -0.000178372
95 94 -0.000445931
95 95 0.00178372
95 96 -0.000624304
95 97 0.000891862
95 98 -0.000445931
95 99 0.000535117
96 90 -1.13133e-18
96 91 8.91862e-05
96 92 5.94575e-05
96 93 -0.000445931
96 94 0.000891862
96 95 -0.000624304
96 96 0.00178372
96 97 -0.000445931
96 98 -0.000178372
96 99 0.000535117
97 90 5.94575e-05
97 91 -1.30785e-18
97 92 8.91862e-05
97 93 -0.000445931
97 94 -0.000178372
97 95 0.000891862
97 96 -0.000445931
97 97 0.00178372
97 98 -0.000624304
97 99 0.000535117
98 90 -1.20574e-18
98 91 5.94575e-05
98 92 8.91862e-05
98 93 0.000891862
98 94 -0.000445931
98 95 -0.000445931
98 96 -0.000178372
98 97 -0.000624304
98 98 0.00178372
98 99 0.000535117
99 90 0.000118915
99 91 0.000118915
99 92 0.000118915
99 93 0.000535117
99 94 0.000535117
99 95 0.000535117
99 96 0.000535117
99 97 0.000535117
99 98 0.000535117
99 99 0.00642141
100 100 0.000219078
100 101 3.17087e-05
100 102 3.17087e-05
100 103 7.78303e-05
100 104 7.78303e-05
100 105 5.18869e-05
100 106 -9.91214e-19
100 107 5.18869e-05
100 108 -1.04573e-18
100 109 0.000103774
101 100 3.17087e-05
101 101 0.000219078
101 102 3.17087e-05
101 103 5.18869e-05
101 104 -9.66158e-19
101 105 7.78303e-05
101 106 7.78303e-05
101 107 -1.14248e-18
101 108 5.18869e-05
101 109 0.000103774
102 100 3.17087e-05
102 101 3.17087e-05
102 102 0.000219078
102 103 -9.54323e-19
102 104 5.18869e-05
102 105 -8.34697e-19
102 106 5.18869e-05
102 107 7.78303e-05
102 108 7.78303e-05
102 109 0.000103774
103 100 7.78303e-05
103 101 5.18869e-05
103 102 -9.49005e-19
103 103 0.00155661
103 104 -0.000544812
103 105 -0.000155661
103 106 -0.000389152
103 107 -0.000389152
103 108 0.000778303
103 109 0.000466982
104 100 7.78303e-05
104 101 -9.651e-19
104 102 5.18869e-05
104 103 -0.000544812
104 104 0.00155661
104 105 -0.000389152
104 106 0.000778303
104 107 -0.000155661
104 108 -0.000389152
104 109 0.000466982
105 100 5.18869e-05
105 101 7.78303e-05
105 102 -8.32125e-19
105 103 -0.000155661
105 104 -0.000389152
105 105 0.00155661
105 106 -0.000544812
105 107 0.000778303
105 108 -0.000389152
105 109 0.000466982
106 100 -9.92069e-19
106 101 7.78303e-05
106 102 5.18869e-05
106 103 -0.000389152
106 104 0.000778303
106 105 -0.000544812
106 106 0.00155661
106 107 -0.000389152
106 108 -0.000155661
106 109 0.000466982
107 100 5.18869e-05
107 101 -1.14475e-18
107 102 7.78303e-05
107 103 -0.000389152
107 104 -0.000155661
107 105 0.000778303
107 106 -0.000389152
107 107 0.00155661
107 108 -0.000544812
107 109 0.000466982
108 100 -1.04196e-18
108 101 5.18869e-05
108 102 7.78303e-05
108 103 0.000778303
108 104 -0.000389152
108 105 -0.000389152
108 106 -0.000155661
108 107 -0.000544812
108 108 0.00155661
108 109 0.000466982
109 100 0.000103774
109 101 0.000103774
109 102 0.000103774
109 103 0.000466982
109 104 0.000466982
109 105 0.000466982
109 106 0.000466982
109 107 0.000466982
109 108 0.000466982
109 109 0.00560378
110 110 0.000246142
110 111 3.56258e-05
110 112 3.56258e-05
110 113 8.74451e-05
110 114 8.74451e-05
110 115 5.82967e-05
110 116 -1.11757e-18
110 117 5.82967e-05
110 118 -1.17001e-18
110 119 0.000116593
111 110 3.56258e-05
111 111 0.000246142
111 112 3.56258e-05
111 113 5.82967e-05
111 114 -1.06088e-18
111 115 8.74451e-05
111 116 8.74451e-05
111 117 -1.2646e-18
111 118 5.82967e-05
111 119 0.000116593
112 110 3.56258e-05
112 111 3.56258e-05
112 112 0.000246142
112 113 -1.06393e-18
112 114 5.82967e-05
112 115 -9.30138e-19
112 116 5.82967e-05
112 117 8.74451e-05
112 118 8.74451e-05
112 119 0.000116593
113 110 8.74451e-05
113 111 5.82967e-05
113 112 -1.06734e-18
113 113 0.0017489
113 114 -0.000612116
113 115 -0.00017489
113 116 -0.000437226
113 117 -0.000437226
113 118 0.000874451
113 119 0.000524671
114 110 8.74451e-05
114 111 -1.07925e-18
114 112 5.82967e-05
114 113 -0.000612116
114 114 0.0017489
114 115 -0.000437226
114 116 0.000874451
114 117 -0.00017489
114 118 -0.000437226
114 119 0.000524671
115 110 5.82967e-05
115 111 8.74451e-05
115 112 -9.42601e-19
115 113 -0.00017489
115 114 -0.000437226
115 115 0.0017489
115 116 -0.000612116
115 117 0.000874451
115 118 -0.000437226
115 119 0.000524671
116 110 -1.11672e-18
116 111 8.74451e-05
116 112 5.82967e-05
116 113 -0.000437226
116 114 0.000874451
116 115 -0.000612116
116 116 0.0017489
116 117 -0.000437226
116 118 -0.00017489
116 119 0.000524671
117 110 5.82967e-05
117 111 -1.2779e-18
117 112 8.74451e-05
117 113 -0.000437226
117 114 -0.00017489
117 115 0.000874451
117 116 -0.000437226
117 117 0.0017489
117 118 -0.000612116
117 119 0.000524671
118 110 -1.1819e-18
118 111 5.82967e-05
118 112 8.74451e-05
118 113 0.000874451
118 114 -0.000437226
118 115 -0.000437226
118 116 -0.00017489
118 117 -0.000612116
118 118 0.0017489
118 119 0.000524671
119 110 0.000116593
119 111 0.000116593
119 112 0.000116593
119 113 0.000524671
119 114 0.000524671
119 115 0.000524671
119 116 0.000524671
119 117 0.000524671
119 118 0.000524671
119 119 0.00629605
120 120 0.000162071
120 121 2.34576e-05
120 122 2.34576e-05
120 123 5.75779e-05
120 124 5.75779e-05
120 125 3.83852e-05
120 126 -7.37567e-19
120 127 3.83852e-05
120 128 -7.87148e-19
120 129 7.67705e-05
121 120 2.34576e-05
121 121 0.000162071
121 122 2.34576e-05
121 123 3.83852e-05
121 124 -7.15808e-19
121 125 5.75779e-05
121 126 5.75779e-05
121 127 -8.45158e-19
121 128 3.83852e-05
121 129 7.67705e-05
122 120 2.34576e-05
122 121 2.34576e-05
122 122 0.000162071
122 123 -7.13458e-19
122 124 3.83852e-05
122 125 -6.27897e-19
122 126 3.83852e-05
122 127 5.75779e-05
122 128 5.75779e-05
122 129 7.67705e-05
123 120 5.75779e-05
123 121 3.83852e-05
123 122 -7.11205e-19
123 123 0.00115156
123 124 -0.000403045
123 125 -0.000115156
123 126 -0.000287889
123 127 -0.000287889
123 128 0.000575779
123 129 0.000345467
124 120 5.75779e-05
124 121 -7.15729e-19
124 122 3.83852e-05
124 123 -0.000403045
124 124 0.00115156
124 125 -0.000287889
124 126 0.000575779
124 127 -0.000115156
124 128 -0.000287889
124 129 0.000345467
125 120 3.83852e-05
125 121 5.75779e-05
125 122 -6.13751e-19
125 123 -0.000115156
125 124 -0.000287889
125 125 0.00115156
125 126 -0.000403045
125 127 0.000575779
125 128 -0.000287889
125 129 0.000345467
126 120 -7.36829e-19
126 121 5.75779e-05
126 122 3.83852e-05
126 123 -0.000287889
126 124 0.000575779
126 125 -0.000403045
126 126 0.00115156
126 127 -0.000287889
126 128 -0.000115156
126 129 0.000345467
127 120 3.83852e-05
127 121 -8.4593e-19
127 122 5.75779e-05
127 123 -0.000287889
127 124 -0.000115156
127 125 0.000575779
127 126 -0.000287889
127 127 0.00115156
127 128 -0.000403045
127 129 0.000345467
128 120 -7.79697e-19
128 121 3.83852e-05
128 122 5.75779e-05
128 123 0.000575779
128 124 -0.000287889
128 125 -0.000287889
128 126 -0.000115156
128 127 -0.000403045
128 128 0.00115156
128 129 0.000345467
129 120 7.67705e-05
129 121 7.67705e-05
129 122 7.67705e-05
129 123 0.000345467
129 124 0.000345467
129 125 0.000345467
129 126 0.000345467
129 127 0.000345467
129 128 0.000345467
129 129 0.00414561
130 130 0.000185689
130 131 2.68761e-05
130 132 2.68761e-05
130 133 6.59685e-05
130 134 6.59685e-05
130 135 4.3979e-05
130 136 -8.4163e-19
130 137 4.3979e-05
130 138 -8.84643e-19
130 139 8.7958e-05
131 130 2.68761e-05
131 131 0.000185689
131 132 2.68761e-05
131 133 4.3979e-05
131 134 -8.14713e-19
131 135 6.59685e-05
131 136 6.59685e-05
131 137 -9.51632e-19
131 138 4.3979e-05
131 139 8.7958e-05
132 130 2.68761e-05
132 131 2.68761e-05
132 132 0.000185689
132 133 -8.05038e-19
132 134 4.3979e-05
132 135 -6.96925e-19
132 136 4.3979e-05
132 137 6.59685e-05
132 138 6.59685e-05
132 139 8.7958e-05
133 130 6.59685e-05
133 131 4.3979e-05
133 132 -8.11056e-19
133 133 0.00131937
133 134 -0.00046178
133 135 -0.000131937
133 136 -0.000329843
133 137 -0.000329843
133 138 0.000659685
133 139 0.000395811
134 130 6.59685e-05
134 131 -8.15731e-19
134 132 4.3979e-05
134 133 -0.00046178
134 134 0.00131937
134 135 -0.000329843
134 136 0.000659685
134 137 -0.000131937
134 138 -0.000329843
134 139 0.000395811
135 130 4.3979e-05
135 131 6.59685e-05
135 132 -7.0117e-19
135 133 -0.000131937
135 134 -0.000329843
135 135 0.00131937
135 136 -0.00046178
135 137 0.000659685
135 138 -0.000329843
135 139 0.000395811
136 130 -8.39006e-19
136 131 6.59685e-05
136 132 4.3979e-05
136 133 -0.000329843
136 134 0.000659685
136 135 -0.00046178
136 136 0.00131937
136 137 -0.000329843
136 138 -0.000131937
136 139 0.000395811
137 130 4.3979e-05
137 131 -9.50112e-19
137 132 6.59685e-05
137 133 -0.000329843
137 134 -0.000131937
137 135 0.000659685
137 136 -0.000329843
137 137 0.00131937
137 138 -0.00046178
137 139 0.000395811
138 130 -8.9254e-19
138 131 4.3979e-05
138 132 6.59685e-05
138 133 0.000659685
138 134 -0.000329843
138 135 -0.000329843
138 136 -0.000131937
138 137 -0.00046178
138 138 0.00131937
138 139 0.000395811
139 130 8.7958e-05
139 131 8.7958e-05
139 132 8.7958e-05
139 133 0.000395811
139 134 0.000395811
139 135 0.000395811
139 136 0.000395811
139 137 0.000395811
139 138 0.000395811
139 139 0.00474973
140 140 0.000245269
140 141 3.54995e-05
140 142 3.54995e-05
140 143 8.71352e-05
140 144 8.71352e-05
140 145 5.80901e-05
140 146 -1.11147e-18
140 147 5.80901e-05
140 148 -1.18191e-18
140 149 0.00011618
141 140 3.54995e-05
141 141 0.000245269
141 142 3.54995e-05
141 143 5.80901e-05
141 144 -1.07977e-18
141 145 8.71352e-05
141 146 8.71352e-05
141 147 -1.25959e-18
141 148 5.80901e-05
141 149 0.00011618
142 140 3.54995e-05
142 141 3.54995e-05
142 142 0.000245269
142 143 -1.07445e-18
142 144 5.80901e-05
142 145 -9.24629e-19
142 146 5.80901e-05
142 147 8.71352e-05
142 148 8.71352e-05
142 149 0.00011618
143 140 8.71352e-05
143 141 5.80901e-05
143 142 -1.06726e-18
143 143 0.0017427
143 144 -0.000609946
143 145 -0.00017427
143 146 -0.000435676
143 147 -0.000435676
143 148 0.000871352
143 149 0.000522811
144 140 8.71352e-05
144 141 -1.07318e-18
144 142 5.80901e-05
144 143 -0.000609946
144 144 0.0017427
144 145 -0.000435676
144 146 0.000871352
144 147 -0.00017427
144 148 -0.000435676
144 149 0.000522811
145 140 5.80901e-05
145 141 8.71352e-05
145 142 -9.25202e-19
145 143 -0.00017427
145 144 -0.000435676
145 145 0.0017427
145 146 -0.000609946
145 147 0.000871352
145 148 -0.000435676
145 149 0.000522811
146 140 -1.09871e-18
146 141 8.71352e-05
146 142 5.80901e-05
146 143 -0.000435676
146 144 0.000871352
146 145 -0.000609946
146 146 0.0017427
146 147 -0.000435676
146 148 -0.00017427
146 149 0.000522811
147 140 5.80901e-05
147 141 -1.28013e-18
147 142 8.71352e-05
147 143 -0.000435676
147 144 -0.00017427
147 145 0.000871352
147 146 -0.000435676
147 147 0.0017427
147 148 -0.000609946
147 149 0.000522811
148 140 -1.16777e-18
148 141 5.80901e-05
148 142 8.71352e-05
148 143 0.000871352
148 144 -0.000435676
148 145 -0.000435676
148 146 -0.00017427
148 147 -0.000609946
148 148 0.0017427
148 149 0.000522811
149 140 0.00011618
149 141 0.00011618
149 142 0.00011618
149 143 0.000522811
149 144 0.000522811
149 145 0.000522811
149 146 0.000522811
149 147 0.000522811
149 148 0.000522811
149 149 0.00627373
150 150 0.000443495
150 151 6.41901e-05
150 152 6.41901e-05
150 153 0.000157558
150 154 0.000157558
150 155 0.000105038
150 156 -2.01397e-18
150 157 0.000105038
150 158 -2.11054e-18
150 159 0.000210077
151 150 6.41901e-05
151 151 0.000443495
151 152 6.41901e-05
151 153 0.000105038
151 154 -1.95728e-18
151 155 0.000157558
151 156 0.000157558
151 157 -2.28303e-18
151 158 0.000105038
151 159 0.000210077
152 150 6.41901e-05
152 151 6.41901e-05
152 152 0.000443495
152 153 -1.91112e-18
152 154 0.000105038
152 155 -1.66812e-18
152 156 0.000105038
152 157 0.000157558
152 158 0.000157558
152 159 0.000210077
153 150 0.000157558
153 151 0.000105038
153 152 -1.90287e-18
153 153 0.00315115
153 154 -0.0011029
153 155 -0.000315115
153 156 -0.000787788
153 157 -0.000787788
153 158 0.00157558
153 159 0.000945346
154 150 0.000157558
154 151 -1.91632e-18
154 152 0.000105038
154 153 -0.0011029
154 154 0.00315115
154 155 -0.000787788
154 156 0.00157558
154 157 -0.000315115
154 158 -0.000787788
154 159 0.000945346
155 150 0.000105038
155 151 0.000157558
155 152 -1.66567e-18
155 153 -0.000315115
155 154 -0.000787788
155 155 0.00315115
155 156 -0.0011029
155 157 0.00157558
155 158 -0.000787788
155 159 0.000945346
156 150 -1.991e-18
156 151 0.000157558
156 152 0.000105038
156 153 -0.000787788
156 154 0.00157558
156 155 -0.0011029
156 156 0.00315115
156 157 -0.000787788
156 158 -0.000315115
156 159 0.000945346
157 150 0.000105038
157 151 -2.28274e-18
157 152 0.000157558
157 153 -0.000787788
157 154 -0.000315115
157 155 0.00157558
157 156 -0.000787788
157 157 0.00315115
157 158 -0.0011029
157 159 0.000945346
158 150 -2.09515e-18
158 151 0.000105038
158 152 0.000157558
158 153 0.00157558
158 154 -0.000787788
158 155 -0.000787788
158 156 -0.000315115
158 157 -0.0011029
158 158 0.00315115
158 159 0.000945346
159 150 0.000210077
159 151 0.000210077
159 152 0.000210077
159 153 0.000945346
159 154 0.000945346
159 155 0.000945346
159 156 0.000945346
159 157 0.000945346
159 158 0.000945346
159 159 0.0113441
160 160 0.000231112
160 161 3.34504e-05
160 162 3.34504e-05
160 163 8.21056e-05
160 164 8.21056e-05
160 165 5.4737e-05
160 166 -1.03904e-18
160 167 5.4737e-05
160 168 -1.10233e-18
160 169 0.000109474
161 160 3.34504e-05
161 161 0.000231112
161 162 3.34504e-05
161 163 5.4737e-05
161 164 -9.977e-19
161 165 8.21056e-05
161 166 8.21056e-05
161 167 -1.17725e-18
161 168 5.4737e-05
161 169 0.000109474
162 160 3.34504e-05
162 161 3.34504e-05
162 162 0.000231112
162 163 -9.90115e-19
162 164 5.4737e-05
162 165 -8.61319e-19
162 166 5.4737e-05
162 167 8.21056e-05
162 168 8.21056e-05
162 169 0.000109474
163 160 8.21056e-05
163 161 5.4737e-05
163 162 -9.97105e-19
163 163 0.00164211
163 164 -0.000574739
163 165 -0.000164211
163 166 -0.000410528
163 167 -0.000410528
163 168 0.000821056
163 169 0.000492633
164 160 8.21056e-05
164 161 -1.00283e-18
164 162 5.4737e-05
164 163 -0.000574739
164 164 0.00164211
164 165 -0.000410528
164 166 0.000821056
164 167 -0.000164211
164 168 -0.000410528
164 169 0.000492633
165 160 5.4737e-05
165 161 8.21056e-05
165 162 -8.73096e-19
165 163 -0.000164211
165 164 -0.000410528
165 165 0.00164211
165 166 -0.000574739
165 167 0.000821056
165 168 -0.000410528
165 169 0.000492633
166 160 -1.03757e-18
166 161 8.21056e-05
166 162 5.4737e-05
166 163 -0.000410528
166 164 0.000821056
166 165 -0.000574739
166 166 0.00164211
166 167 -0.000410528
166 168 -0.000164211
166 169 0.000492633
167 160 5.4737e-05
167 161 -1.1841e-18
167 162 8.21056e-05
167 163 -0.000410528
167 164 -0.000164211
167 165 0.000821056
167 166 -0.000410528
167 167 0.00164211
167 168 -0.000574739
167 169 0.000492633
168 160 -1.10095e-18
168 161 5.4737e-05
168 162 8.21056e-05
168 163 0.000821056
168 164 -0.000410528
168 165 -0.000410528
168 166 -0.000164211
168 167 -0.000574739
168 168 0.00164211
168 169 0.000492633
169 160 0.000109474
169 161 0.000109474
169 162 0.000109474
169 163 0.000492633
169 164 0.000492633
169 165 0.000492633
169 166 0.000492633
169 167 0.000492633
169 168 0.000492633
169 169 0.0059116
170 170 0.000177831
170 171 2.57386e-05
170 172 2.57386e-05
170 173 6.31766e-05
170 174 6.31766e-05
170 175 4.21178e-05
170 176 -8.02719e-19
170 177 4.21178e-05
170 178 -8.52102e-19
170 179 8.42355e-05
171 170 2.57386e-05
171 171 0.000177831
171 172 2.57386e-05
171 173 4.21178e-05
171 174 -7.82388e-19
171 175 6.31766e-05
171 176 6.31766e-05
171 177 -9.33949e-19
171 178 4.21178e-05
171 179 8.42355e-05
172 170 2.57386e-05
172 171 2.57386e-05
172 172 0.000177831
172 173 -7.80973e-19
172 174 4.21178e-05
172 175 -6.81903e-19
172 176 4.21178e-05
172 177 6.31766e-05
172 178 6.31766e-05
172 179 8.42355e-05
173 170 6.31766e-05
173 171 4.21178e-05
173 172 -7.774e-19
173 173 0.00126353
173 174 -0.000442237
173 175 -0.000126353
173 176 -0.000315883
173 177 -0.000315883
173 178 0.000631766
173 179 0.00037906
174 170 6.31766e-05
174 171 -7.69619e-19
174 172 4.21178e-05
174 173 -0.000442237
174 174 0.00126353
174 175 -0.000315883
174 176 0.000631766
174 177 -0.000126353
174 178 -0.000315883
174 179 0.00037906
175 170 4.21178e-05
175 171 6.31766e-05
175 172 -6.68974e-19
175 173 -0.000126353
175 174 -0.000315883
175 175 0.00126353
175 176 -0.000442237
175 177 0.000631766
175 178 -0.000315883
175 179 0.00037906
176 170 -8.00125e-19
176 171 6.31766e-05
176 172 4.21178e-05
176 173 -0.000315883
176 174 0.000631766
176 175 -0.000442237
176 176 0.00126353
176 177 -0.000315883
176 178 -0.000126353
176 179 0.00037906
177 170 4.21178e-05
177 171 -9.16953e-19
177 172 6.31766e-05
177 173 -0.000315883
177 174 -0.000126353
177 175 0.000631766
177 176 -0.000315883
177 177 0.00126353
177 178 -0.000442237
177 179 0.00037906
178 170 -8.42629e-19
178 171 4.21178e-05
178 172 6.31766e-05
178 173 0.000631766
178 174 -0.000315883
178 175 -0.000315883
178 176 -0.000126353
178 177 -0.000442237
178 178 0.00126353
178 179 0.00037906
179 170 8.42355e-05
179 171 8.42355e-05
179 172 8.42355e-05
179 173 0.00037906
179 174 0.00037906
179 175 0.00037906
179 176 0.00037906
179 177 0.00037906
179 178 0.00037906
179 179 0.00454872
180 180 0.000208187
180 181 3.01323e-05
180 182 3.01323e-05
180 183 7.3961e-05
180 184 7.3961e-05
180 185 4.93073e-05
180 186 -9.50482e-19
180 187 4.93073e-05
180 188 -1.00409e-18
180 189 9.86147e-05
181 180 3.01323e-05
181 181 0.000208187
181 182 3.01323e-05
181 183 4.93073e-05
181 184 -9.11345e-19
181 185 7.3961e-05
181 186 7.3961e-05
181 187 -1.07652e-18
181 188 4.93073e-05
181 189 9.86147e-05
182 180 3.01323e-05
182 181 3.01323e-05
182 182 0.000208187
182 183 -9.20289e-19
182 184 4.93073e-05
182 185 -8.01661e-19
182 186 4.93073e-05
182 187 7.3961e-05
182 188 7.3961e-05
182 189 9.86147e-05
183 180 7.3961e-05
183 181 4.93073e-05
183 182 -9.05762e-19
183 183 0.00147922
183 184 -0.000517727
183 185 -0.000147922
183 186 -0.000369805
183 187 -0.000369805
183 188 0.00073961
183 189 0.000443766
184 180 7.3961e-05
184 181 -9.24458e-19
184 182 4.93073e-05
184 183 -0.000517727
184 184 0.00147922
184 185 -0.000369805
184 186 0.00073961
184 187 -0.000147922
184 188 -0.000369805
184 189 0.000443766
185 180 4.93073e-05
185 181 7.3961e-05
185 182 -7.94561e-19
185 183 -0.000147922
185 184 -0.000369805
185 185 0.00147922
185 186 -0.000517727
185 187 0.00073961
185 188 -0.000369805
185 189 0.000443766
186 180 -9.39878e-19
186 181 7.3961e-05
186 182 4.93073e-05
186 183 -0.000369805
186 184 0.00073961
186 185 -0.000517727
186 186 0.00147922
186 187 -0.000369805
186 188 -0.000147922
186 189 0.000443766
187 180 4.93073e-05
187 181 -1.07609e-18
187 182 7.3961e-05
187 183 -0.000369805
187 184 -0.000147922
187 185 0.00073961
187 186 -0.000369805
187 187 0.00147922
187 188 -0.000517727
187 189 0.000443766
188 180 -9.99788e-19
188 181 4.93073e-05
188 182 7.3961e-05
188 183 0.00073961
188 184 -0.000369805
188 185 -0.000369805
188 186 -0.000147922
188 187 -0.000517727
188 188 0.00147922
188 189 0.000443766
189 180 9.86147e-05
189 181 9.86147e-05
189 182 9.86147e-05
189 183 0.000443766
189 184 0.000443766
189 185 0.000443766
189 186 0.000443766
189 187 0.000443766
189 188 0.000443766
189 189 0.00532519
190 190 0.000283884
190 191 4.10885e-05
190 192 4.10885e-05
190 193 0.000100854
190 194 0.000100854
190 195 6.72357e-05
190 196 -1.28733e-18
190 197 6.72357e-05
190 198 -1.36978e-18
190 199 0.000134471
191 190 4.10885e-05
191 191 0.000283884
191 192 4.10885e-05
191 193 6.72357e-05
191 194 -1.24162e-18
191 195 0.000100854
191 196 0.000100854
191 197 -1.46163e-18
191 198 6.72357e-05
191 199 0.000134471
192 190 4.10885e-05
192 191 4.10885e-05
192 192 0.000283884
192 193 -1.24706e-18
192 194 6.72357e-05
192 195 -1.08955e-18
192 196 6.72357e-05
192 197 0.000100854
192 198 0.000100854
192 199 0.000134471
193 190 0.000100854
193 191 6.72357e-05
193 192 -1.24814e-18
193 193 0.00201707
193 194 -0.000705975
193 195 -0.000201707
193 196 -0.000504268
193 197 -0.000504268
193 198 0.00100854
193 199 0.000605121
194 190 0.000100854
194 191 -1.24307e-18
194 192 6.72357e-05
194 193 -0.000705975
194 194 0.00201707
194 195 -0.000504268
194 196 0.00100854
194 197 -0.000201707
194 198 -0.000504268
194 199 0.000605121
195 190 6.72357e-05
195 191 0.000100854
195 192 -1.0704e-18
195 193 -0.000201707
195 194 -0.000504268
195 195 0.00201707
195 196 -0.000705975
195 197 0.00100854
195 198 -0.000504268
195 199 0.000605121
196 190 -1.28809e-18
196 191 0.000100854
196 192 6.72357e-05
196 193 -0.000504268
196 194 0.00100854
196 195 -0.000705975
196 196 0.00201707
196 197 -0.000504268
196 198 -0.000201707
196 199 0.000605121
197 190 6.72357e-05
197 191 -1.46302e-18
197 192 0.000100854
197 193 -0.000504268
197 194 -0.000201707
197 195 0.00100854
197 196 -0.000504268
197 197 0.00201707
197 198 -0.000705975
197 199 0.000605121
198 190 -1.37197e-18
198 191 6.72357e-05
198 192 0.000100854
198 193 0.00100854
198 194 -0.000504268
198 195 -0.000504268
198 196 -0.000201707
198 197 -0.000705975
198 198 0.00201707
198 199 0.000605121
199 190 0.000134471
199 191 0.000134471
199 192 0.000134471
199 193 0.000605121
199 194 0.000605121
199 195 0.000605121
199 196 0.000605121
199 197 0.000605121
199 198 0.000605121
199 199 0.00726146
200 200 0.000426147
200 201 6.16792e-05
200 202 6.16792e-05
200 203 0.000151394
200 204 0.000151394
200 205 0.00010093
200 206 -1.89442e-18
200 207 0.00010093
200 208 -2.03921e-18
200 209 0.000201859
201 200 6.16792e-05
201 201 0.000426147
201 202 6.16792e-05
201 203 0.00010093
201 204 -1.87934e-18
201 205 0.000151394
201 206 0.000151394
201 207 -2.21464e-18
201 208 0.00010093
201 209 0.000201859
202 200 6.16792e-05
202 201 6.16792e-05
202 202 0.000426147
202 203 -1.85451e-18
202 204 0.00010093
202 205 -1.62427e-18
202 206 0.00010093
202 207 0.000151394
202 208 0.000151394
202 209 0.000201859
203 200 0.000151394
203 201 0.00010093
203 202 -1.85449e-18
203 203 0.00302789
203 204 -0.00105976
203 205 -0.000302789
203 206 -0.000756972
203 207 -0.000756972
203 208 0.00151394
203 209 0.000908367
204 200 0.000151394
204 201 -1.88563e-18
204 202 0.00010093
204 203 -0.00105976
204 204 0.00302789
204 205 -0.000756972
204 206 0.00151394
204 207 -0.000302789
204 208 -0.000756972
204 209 0.000908367
205 200 0.00010093
205 201 0.000151394
205 202 -1.61098e-18
205 203 -0.000302789
205 204 -0.000756972
205 205 0.00302789
205 206 -0.00105976
205 207 0.00151394
205 208 -0.000756972
205 209 0.000908367
206 200 -1.89472e-18
206 201 0.000151394
206 202 0.00010093
206 203 -0.000756972
206 204 0.00151394
206 205 -0.00105976
206 206 0.00302789
206 207 -0.000756972
206 208 -0.000302789
206 209 0.000908367
207 200 0.00010093
207 201 -2.2006e-18
207 202 0.000151394
207 203 -0.000756972
207 204 -0.000302789
207 205 0.00151394
207 206 -0.000756972
207 207 0.00302789
207 208 -0.00105976
207 209 0.000908367
208 200 -2.03911e-18
208 201 0.00010093
208 202 0.000151394
208 203 0.00151394
208 204 -0.000756972
208 205 -0.000756972
208 206 -0.000302789
208 207 -0.00105976
208 208 0.00302789
208 209 0.000908367
209 200 0.000201859
209 201 0.000201859
