1861 1861 22373
0 0 0.000417665
0 1 0.000162573
0 2 4.08174e-05
0 3 0.000146977
0 4 0.000168015
0 5 4.62601e-05
0 37 6.18553e-05
1 0 0.000162573
1 1 0.00146385
1 2 0.000122452
1 3 0.000242252
1 4 0.00030341
1 6 0.00016327
1 15 0.000302152
1 32 0.000122452
1 37 0.000185566
1 53 0.000305366
1 74 0.000162573
1 80 0.000123711
2 0 4.08174e-05
2 1 0.000122452
2 2 0.000326539
2 3 8.16348e-05
2 6 0.000122452
2 32 8.16348e-05
2 44 4.08174e-05
3 0 0.000146977
3 1 0.000242252
3 2 8.16348e-05
3 3 0.00136086
3 4 0.00031848
3 5 0.00013878
3 6 0.000122452
3 7 0.00018504
3 8 0.00013878
3 15 0.000261334
3 16 0.000146977
3 33 0.00025858
4 0 0.000168015
4 1 0.00030341
4 3 0.00031848
4 4 0.00158372
4 5 9.25202e-05
4 7 0.00013878
4 15 0.0002396
4 33 0.00027222
4 37 0.000185566
4 53 0.000365266
4 58 0.000168015
4 81 0.000123711
5 0 4.62601e-05
5 3 0.00013878
5 4 9.25202e-05
5 5 0.000370081
5 7 0.00013878
5 8 9.25202e-05
5 9 4.62601e-05
6 1 0.00016327
6 2 0.000122452
6 3 0.000122452
6 6 0.000979617
6 15 0.000244904
6 16 8.16348e-05
6 32 0.000244904
6 44 8.16348e-05
6 49 0.000122452
6 66 0.000122452
6 68 0.00016327
7 3 0.00018504
7 4 0.00013878
7 5 0.00013878
7 7 0.0015773
7 8 0.000277561
7 9 0.000146862
7 30 0.000163026
7 33 0.000231301
7 38 0.000255546
7 57 0.000301806
7 58 0.000146862
7 71 0.000217368
7 83 0.000163026
8 3 0.00013878
8 5 9.25202e-05
8 7 0.000277561
8 8 0.000925202
8 9 9.25202e-05
8 16 9.25202e-05
8 33 0.000231301
8 38 0.00013878
8 49 0.00013878
8 57 0.00018504
9 5 4.62601e-05
9 7 0.000146862
9 8 9.25202e-05
9 9 0.000457287
9 28 8.17813e-05
9 29 4.08907e-05
9 30 0.000136123
9 38 0.000141493
10 10 0.00102002
10 11 6.51042e-05
10 12 0.000238848
10 13 9.76562e-05
10 14 0.000127502
10 42 0.000237786
10 43 9.57721e-05
10 48 0.000159232
10 63 0.000127502
10 65 0.000143658
10 67 0.000236964
11 10 6.51042e-05
11 11 0.000260417
11 12 9.76562e-05
11 13 9.76562e-05
11 14 3.25521e-05
11 40 6.51042e-05
11 41 3.25521e-05
12 10 0.000238848
12 11 9.76562e-05
12 12 0.0015103
12 13 0.000130208
12 14 0.000125858
12 40 9.76562e-05
12 42 0.000279918
12 45 0.000184968
12 46 0.000138726
12 47 0.000138726
12 48 0.000238848
12 61 0.000125858
12 62 0.000279918
12 67 0.000188256
13 10 9.76562e-05
13 11 9.76562e-05
13 12 0.000130208
13 13 0.00078125
13 40 0.000195312
13 41 6.51042e-05
13 48 0.000195312
13 63 6.51042e-05
13 64 9.76562e-05
13 88 0.000130208
13 89 9.76562e-05
14 10 0.000127502
14 11 3.25521e-05
14 12 0.000125858
14 14 0.000347488
14 42 0.000141192
14 43 4.78861e-05
14 46 4.6242e-05
15 1 0.000302152
15 3 0.000261334
15 4 0.0002396
15 6 0.000244904
15 15 0.00185108
15 16 0.000201435
15 32 0.00016327
15 33 0.000359399
15 49 0.000201435
15 53 0.0002995
15 68 0.000302152
15 74 0.000201435
16 3 0.000146977
16 6 8.16348e-05
16 8 9.25202e-05
16 15 0.000201435
16 16 0.00058791
16 33 0.00021232
16 49 0.000146977
17 17 0.00037779
17 18 0.000148004
17 19 0.000134513
17 20 4.08174e-05
17 29 4.08907e-05
17 31 0.000148078
17 39 5.43822e-05
18 17 0.000148004
18 18 0.00134731
18 19 0.000280867
18 20 0.000122452
18 25 0.000122452
18 26 0.00016327
18 31 0.000214374
18 39 0.000163147
18 59 0.000321561
18 60 0.000228062
18 84 0.000148004
18 86 0.000108764
19 17 0.000134513
19 18 0.000280867
19 19 0.00128732
19 20 8.16348e-05
19 26 0.000122452
19 28 0.000122672
19 29 8.17813e-05
19 31 0.000281087
19 59 0.000211219
19 60 0.000240049
19 72 0.000240196
19 92 0.000134513
20 17 4.08174e-05
20 18 0.000122452
20 19 8.16348e-05
20 20 0.000326539
20 25 8.16348e-05
20 26 0.000122452
20 27 4.08174e-05
21 21 0.000260417
21 22 6.51042e-05
21 23 3.25521e-05
21 24 9.76562e-05
21 34 9.76562e-05
21 41 3.25521e-05
21 55 6.51042e-05
22 21 6.51042e-05
22 22 0.00102002
22 23 0.000127502
22 24 0.000238848
22 34 9.76562e-05
22 35 0.000237786
22 36 9.57721e-05
22 54 0.000159232
22 56 0.000143658
22 69 0.000236964
22 78 0.000127502
23 21 3.25521e-05
23 22 0.000127502
23 23 0.000347488
23 24 0.000125858
23 35 0.000141192
23 36 4.78861e-05
23 50 4.6242e-05
24 21 9.76562e-05
24 22 0.000238848
24 23 0.000125858
24 24 0.0015103
24 34 0.000130208
24 35 0.000279918
24 50 0.000138726
24 51 0.000138726
24 52 0.000184968
24 54 0.000238848
24 55 9.76562e-05
24 69 0.000188256
24 75 0.000125858
24 76 0.000279918
25 18 0.000122452
25 20 8.16348e-05
25 25 0.000543863
25 26 0.000176783
25 27 6.79829e-05
25 52 8.14965e-05
25 60 0.000163131
25 84 6.79829e-05
25 94 5.4331e-05
26 18 0.00016327
26 19 0.000122452
26 20 0.000122452
26 25 0.000176783
26 26 0.00107707
26 27 0.000114225
26 52 0.00017398
26 60 0.000203949
26 70 0.000138726
26 73 9.2484e-05
26 92 0.000114225
26 93 0.000193057
27 20 4.08174e-05
27 25 6.79829e-05
27 26 0.000114225
27 27 0.000413418
27 50 4.6242e-05
27 51 9.2484e-05
27 52 0.000165891
27 70 9.2484e-05
28 9 8.17813e-05
28 19 0.000122672
28 28 0.000817813
28 29 0.000122672
28 30 0.000245344
28 31 0.000163563
28 38 8.17813e-05
28 72 0.000204453
28 73 0.000122672
28 92 8.17813e-05
29 9 4.08907e-05
29 17 4.08907e-05
29 19 8.17813e-05
29 28 0.000122672
29 29 0.000327125
29 30 8.17813e-05
29 31 0.000122672
30 7 0.000163026
30 9 0.000136123
30 28 0.000245344
30 29 8.17813e-05
30 30 0.00125255
30 31 0.000122672
30 38 0.000231356
30 71 0.000285698
30 72 0.000204453
30 73 0.000163563
30 82 0.000136123
30 83 0.000108684
31 17 0.000148078
31 18 0.000214374
31 19 0.000281087
31 28 0.000163563
31 29 0.000122672
31 30 0.000122672
31 31 0.00134818
31 39 0.000163147
31 59 0.000321561
31 72 0.000228282
31 82 0.000148078
31 85 0.000108764
32 1 0.000122452
32 2 8.16348e-05
32 6 0.000244904
32 15 0.00016327
32 32 0.00108773
32 44 0.000135966
32 45 0.000108662
32 66 0.000244628
32 68 0.000231114
32 74 0.000135966
32 91 0.000162993
33 3 0.00025858
33 4 0.00027222
33 7 0.000231301
33 8 0.000231301
33 15 0.000359399
33 16 0.00021232
33 33 0.00193816
33 49 0.00027222
33 53 0.0002995
33 57 0.00031848
33 58 0.00021232
33 68 0.0002396
34 21 9.76562e-05
34 22 9.76562e-05
34 24 0.000130208
34 34 0.000651042
34 41 6.51042e-05
34 54 0.00016276
34 55 0.000195312
34 64 6.51042e-05
34 78 6.51042e-05
34 99 9.76562e-05
35 22 0.000237786
35 23 0.000141192
35 24 0.000279918
35 35 0.00132108
35 36 0.000143658
35 50 9.2484e-05
35 52 0.000138726
35 56 0.000191544
35 69 0.00028485
35 76 0.000186612
35 79 0.000143658
35 108 0.000141192
36 22 9.57721e-05
36 23 4.78861e-05
36 35 0.000143658
36 36 0.000383089
36 56 0.000143658
36 79 9.57721e-05
36 100 4.78861e-05
37 0 6.18553e-05
37 1 0.000185566
37 4 0.000185566
37 37 0.000742264
37 53 0.000247421
37 80 0.000185566
37 81 0.000185566
37 114 6.18553e-05
38 7 0.000255546
38 8 0.00013878
38 9 0.000141493
38 28 8.17813e-05
38 30 0.000231356
38 38 0.00113194
38 49 9.25202e-05
38 57 0.000247464
38 71 0.000244807
38 73 0.000122672
38 96 0.000141493
39 17 5.43822e-05
39 18 0.000163147
39 31 0.000163147
39 39 0.000652587
39 59 0.000217529
39 85 0.000163147
39 86 0.000163147
39 102 5.43822e-05
40 11 6.51042e-05
40 12 9.76562e-05
40 13 0.000195312
40 40 0.00104167
40 41 0.000130208
40 48 0.000130208
40 61 0.000130208
40 64 0.000260417
40 77 0.000130208
40 87 0.000195312
40 88 0.000227865
41 11 3.25521e-05
41 13 6.51042e-05
41 21 3.25521e-05
41 34 6.51042e-05
41 40 0.000130208
41 41 0.000520833
41 55 0.000130208
41 64 0.000195312
41 77 0.000130208
42 10 0.000237786
42 12 0.000279918
42 14 0.000141192
42 42 0.00132108
42 43 0.000143658
42 45 0.000138726
42 46 9.2484e-05
42 62 0.000186612
42 65 0.000191544
42 67 0.00028485
42 90 0.000143658
42 104 0.000141192
43 10 9.57721e-05
43 14 4.78861e-05
43 42 0.000143658
43 43 0.000383089
43 65 0.000143658
43 90 9.57721e-05
43 103 4.78861e-05
44 2 4.08174e-05
44 6 8.16348e-05
44 32 0.000135966
44 44 0.000456899
44 45 0.000146815
44 46 4.6242e-05
44 47 9.2484e-05
44 66 0.00014139
45 12 0.000184968
45 32 0.000108662
45 42 0.000138726
45 44 0.000146815
45 45 0.00135949
45 46 0.000138726
45 47 0.00023121
45 62 0.000277452
45 66 0.000301719
45 91 0.000162993
45 104 0.000146815
45 105 0.000201146
46 12 0.000138726
46 14 4.6242e-05
46 42 9.2484e-05
46 44 4.6242e-05
46 45 0.000138726
46 46 0.000369936
46 47 9.2484e-05
47 12 0.000138726
47 44 9.2484e-05
47 45 0.00023121
47 46 9.2484e-05
47 47 0.000739872
47 61 9.2484e-05
47 62 0.00023121
47 66 0.000138726
47 87 9.2484e-05
48 10 0.000159232
48 12 0.000238848
48 13 0.000195312
48 40 0.000130208
48 48 0.00146211
48 61 0.000159232
48 62 0.00023532
48 63 0.000159232
48 67 0.000282384
48 88 0.000238848
48 89 0.000206296
48 106 0.000188256
49 6 0.000122452
49 8 0.00013878
49 15 0.000201435
49 16 0.000146977
49 33 0.00027222
49 38 9.25202e-05
49 49 0.00117582
49 57 0.00025858
49 66 8.16348e-05
49 68 0.000302152
49 96 0.000146977
50 23 4.6242e-05
50 24 0.000138726
50 27 4.6242e-05
50 35 9.2484e-05
50 50 0.000369936
50 51 9.2484e-05
50 52 0.000138726
51 24 0.000138726
51 27 9.2484e-05
51 50 9.2484e-05
51 51 0.00092484
51 52 0.000277452
51 70 0.000138726
51 75 9.2484e-05
51 76 0.00023121
51 95 0.000184968
51 97 0.000138726
52 24 0.000184968
52 25 8.14965e-05
52 26 0.00017398
52 27 0.000165891
52 35 0.000138726
52 50 0.000138726
52 51 0.000277452
52 52 0.00162076
52 60 0.000108662
52 70 0.00023121
52 76 0.00023121
52 93 0.000220222
52 94 8.14965e-05
52 95 0.00023121
52 108 0.000165891
53 1 0.000305366
53 4 0.000365266
53 15 0.0002995
53 33 0.0002995
53 37 0.000247421
53 53 0.0043083
53 57 0.000675846
53 58 0.00050761
53 68 0.000550397
53 74 0.00050761
53 80 0.000307053
53 81 0.000367796
53 101 0.000341956
53 110 0.000795635
53 116 0.000361076
53 118 0.000530423
54 22 0.000159232
54 24 0.000238848
54 34 0.00016276
54 54 0.00146211
54 55 0.00016276
54 69 0.000282384
54 75 0.000159232
54 76 0.00023532
54 78 0.000159232
54 98 0.000206296
54 99 0.000238848
54 112 0.000188256
55 21 6.51042e-05
55 24 9.76562e-05
55 34 0.000195312
55 41 0.000130208
55 54 0.00016276
55 55 0.00117187
55 64 0.000227865
55 75 0.000130208
55 77 0.000195312
55 97 0.000130208
55 98 0.000292969
55 99 0.000130208
56 22 0.000143658
56 35 0.000191544
56 36 0.000143658
56 56 0.000957721
56 69 0.000287316
56 78 9.57721e-05
56 79 0.00023943
56 99 9.57721e-05
56 100 9.57721e-05
56 113 0.000143658
57 7 0.000301806
57 8 0.00018504
57 33 0.00031848
57 38 0.000247464
57 49 0.00025858
57 53 0.000675846
57 57 0.00471004
57 58 0.000472951
57 68 0.000735746
57 71 0.000417227
57 83 0.000489985
57 96 0.000472951
57 110 0.000741395
57 111 0.000937348
57 118 0.000810247
58 4 0.000168015
58 7 0.000146862
58 33 0.00021232
58 53 0.00050761
58 57 0.000472951
58 58 0.00205874
58 81 0.000199882
58 83 0.000249688
58 116 0.00032016
58 117 0.000247799
58 118 0.000562828
59 18 0.000321561
59 19 0.000211219
59 31 0.000321561
59 39 0.000217529
59 59 0.00335889
59 60 0.000469408
59 72 0.000365744
59 82 0.000339565
59 84 0.000339565
59 85 0.000323361
59 86 0.000323361
59 109 0.000461611
59 119 0.000213619
59 121 0.000433255
59 122 0.00038614
59 123 0.000310831
60 18 0.000228062
60 19 0.000240049
60 25 0.000163131
60 26 0.000203949
60 52 0.000108662
60 59 0.000469408
60 60 0.00297096
60 72 0.000416603
60 84 0.000305955
60 92 0.000305955
60 93 0.000326005
60 94 0.000244502
60 109 0.000414658
60 120 0.000473999
60 121 0.000555502
61 12 0.000125858
61 40 0.000130208
61 47 9.2484e-05
61 48 0.000159232
61 61 0.000821897
61 62 0.00028074
61 87 0.000205474
61 88 0.000238848
62 12 0.000279918
62 42 0.000186612
62 45 0.000277452
62 47 0.00023121
62 48 0.00023532
62 61 0.00028074
62 62 0.0028074
62 66 0.000184968
62 67 0.00023532
62 87 0.00042111
62 88 0.000376512
62 104 0.00028074
62 105 0.00042111
62 106 0.000423576
62 107 0.000376512
63 10 0.000127502
63 13 6.51042e-05
63 48 0.000159232
63 63 0.000510009
63 65 9.57721e-05
63 67 0.0001899
63 89 0.000127502
64 13 9.76562e-05
64 34 6.51042e-05
64 40 0.000260417
64 41 0.000195312
64 55 0.000227865
64 64 0.00182292
64 77 0.000390625
64 87 0.000260417
64 88 0.000292969
64 89 6.51042e-05
64 98 0.000260417
64 99 9.76562e-05
64 107 0.000325521
64 125 0.000195312
65 10 0.000143658
65 42 0.000191544
65 43 0.000143658
65 63 9.57721e-05
65 65 0.000957721
65 67 0.000287316
65 89 9.57721e-05
65 90 0.00023943
65 103 9.57721e-05
65 124 0.000143658
66 6 0.000122452
66 32 0.000244628
66 44 0.00014139
66 45 0.000301719
66 47 0.000138726
66 49 8.16348e-05
66 62 0.000184968
66 66 0.00153341
66 68 0.000285445
66 87 0.000138726
66 91 0.000217324
66 96 0.00014139
66 105 0.000301719
67 10 0.000236964
67 12 0.000188256
67 42 0.00028485
67 48 0.000282384
67 62 0.00023532
67 63 0.0001899
67 65 0.000287316
67 67 0.001899
67 89 0.000237786
67 90 0.00023943
67 104 0.0001899
67 106 0.00028485
67 124 0.000191544
68 6 0.00016327
68 15 0.000302152
68 32 0.000231114
68 33 0.0002396
68 49 0.000302152
68 53 0.000550397
68 57 0.000735746
68 66 0.000285445
68 68 0.00456033
68 74 0.000459921
68 91 0.000521564
68 96 0.000459921
68 105 0.000467233
68 110 0.000914618
68 111 0.000729269
68 135 0.000478095
69 22 0.000236964
69 24 0.000188256
69 35 0.00028485
69 54 0.000282384
69 56 0.000287316
69 69 0.001899
69 76 0.00023532
69 78 0.0001899
69 79 0.00023943
69 99 0.000237786
69 108 0.0001899
69 112 0.00028485
69 113 0.000191544
70 26 0.000138726
70 27 9.2484e-05
70 51 0.000138726
70 52 0.00023121
70 70 0.00092484
70 73 0.000138726
70 93 0.000184968
70 95 0.000277452
70 96 9.2484e-05
70 97 9.2484e-05
71 7 0.000217368
71 30 0.000285698
71 38 0.000244807
71 57 0.000417227
71 71 0.00253958
71 72 0.000285612
71 73 0.000258559
71 82 0.000290276
71 83 0.000544327
71 96 0.000290276
71 109 0.000390088
71 111 0.000585132
72 19 0.000240196
72 28 0.000204453
72 30 0.000204453
72 31 0.000228282
72 59 0.000365744
72 60 0.000416603
72 71 0.000285612
72 72 0.00272133
72 73 0.000326502
72 82 0.000306194
72 92 0.000306194
72 109 0.000514824
72 111 0.000271774
72 120 0.000411159
73 26 9.2484e-05
73 28 0.000122672
73 30 0.000163563
73 38 0.000122672
73 70 0.000138726
73 71 0.000258559
73 72 0.000326502
73 73 0.00282078
73 92 0.000273126
73 93 0.000492877
73 95 0.000446635
73 96 0.000273126
73 111 0.000557981
73 120 0.000490038
73 126 0.000472201
74 1 0.000162573
74 15 0.000201435
74 32 0.000135966
74 53 0.00050761
74 68 0.000459921
74 74 0.00164772
74 80 0.000122599
74 91 0.000234617
74 101 0.000201369
74 110 0.000445498
75 24 0.000125858
75 51 9.2484e-05
75 54 0.000159232
75 55 0.000130208
75 75 0.000821897
75 76 0.00028074
75 97 0.000205474
75 98 0.000238848
76 24 0.000279918
76 35 0.000186612
76 51 0.00023121
76 52 0.00023121
76 54 0.00023532
76 69 0.00023532
76 75 0.00028074
76 76 0.00262243
76 95 0.00042111
76 97 0.000374868
76 98 0.000376512
76 107 0.000376512
76 108 0.00028074
76 112 0.000423576
77 40 0.000130208
77 41 0.000130208
77 55 0.000195312
77 64 0.000390625
77 77 0.00130208
77 87 0.000195312
77 96 0.000130208
77 97 0.000195312
77 98 0.000260417
77 107 0.000325521
78 22 0.000127502
78 34 6.51042e-05
78 54 0.000159232
78 56 9.57721e-05
78 69 0.0001899
78 78 0.000510009
78 99 0.000127502
79 35 0.000143658
79 36 9.57721e-05
79 56 0.00023943
79 69 0.00023943
79 79 0.00162737
79 100 0.0001835
79 108 0.0001835
79 112 0.000191544
79 113 0.000287316
79 127 0.000215297
79 130 0.000119525
79 131 0.000263183
79 138 0.000159367
79 139 0.000119525
80 1 0.000123711
80 37 0.000185566
80 53 0.000307053
80 74 0.000122599
80 80 0.00098079
80 81 0.000305941
80 101 0.00018223
80 114 0.000122599
80 115 0.000121487
81 4 0.000123711
81 37 0.000185566
81 53 0.000367796
81 58 0.000199882
81 80 0.000305941
81 81 0.00184203
81 101 0.000242974
81 114 0.000199882
81 115 0.000336796
81 116 0.000414079
81 117 0.000154566
81 128 0.000231848
82 30 0.000136123
82 31 0.000148078
82 59 0.000339565
82 71 0.000290276
82 72 0.000306194
82 82 0.00186449
82 83 0.000249688
82 85 0.000187986
82 109 0.000555333
82 122 0.000321982
82 132 0.000261515
83 7 0.000163026
83 30 0.000108684
83 57 0.000489985
83 58 0.000249688
83 71 0.000544327
83 82 0.000249688
83 83 0.00250591
83 109 0.000586039
83 111 0.000508402
83 117 0.000204738
83 118 0.000517793
83 132 0.000136492
84 18 0.000148004
84 25 6.79829e-05
84 59 0.000339565
84 60 0.000305955
84 84 0.00109963
84 86 0.000107787
84 94 0.00016943
84 121 0.000321238
84 123 0.000189475
85 31 0.000108764
85 39 0.000163147
85 59 0.000323361
85 82 0.000187986
85 85 0.00150388
85 86 0.000215574
85 102 0.000187986
85 119 0.00040081
85 122 0.000267207
85 129 0.000160397
85 132 0.000240596
86 18 0.000108764
86 39 0.000163147
86 59 0.000323361
86 84 0.000107787
86 85 0.000215574
86 86 0.000862296
86 102 0.000107787
86 119 0.000160214
86 123 0.000106809
87 40 0.000195312
87 47 9.2484e-05
87 61 0.000205474
87 62 0.00042111
87 64 0.000260417
87 66 0.000138726
87 77 0.000195312
87 87 0.00190421
87 88 0.000383569
87 96 0.000205474
87 105 0.00028074
87 107 0.000477697
88 13 0.000130208
88 40 0.000227865
88 48 0.000238848
88 61 0.000238848
88 62 0.000376512
88 64 0.000292969
88 87 0.000383569
88 88 0.002041
88 89 0.000191784
88 106 0.000329448
88 107 0.000412593
88 125 0.000238848
89 13 9.76562e-05
89 48 0.000206296
89 63 0.000127502
89 64 6.51042e-05
89 65 9.57721e-05
89 67 0.000237786
89 88 0.000191784
89 89 0.00102002
89 106 0.000236964
89 124 0.000143658
89 125 0.000127502
90 42 0.000143658
90 43 9.57721e-05
90 65 0.00023943
90 67 0.00023943
90 90 0.001468
90 103 0.0001835
90 104 0.0001835
90 106 0.000191544
90 124 0.000287316
90 133 0.000215297
90 134 0.000223342
90 136 0.000119525
90 137 7.96833e-05
91 32 0.000162993
91 45 0.000162993
91 66 0.000217324
91 68 0.000521564
91 74 0.000234617
91 91 0.00209426
91 101 0.000121524
91 104 0.000234617
91 105 0.000402041
91 110 0.000421334
91 135 0.000480096
91 136 0.000182286
92 19 0.000134513
92 26 0.000114225
92 28 8.17813e-05
92 60 0.000305955
92 72 0.000306194
92 73 0.000273126
92 92 0.00123994
92 93 0.000272961
92 120 0.000371161
93 26 0.000193057
93 52 0.000220222
93 60 0.000326005
93 70 0.000184968
93 73 0.000492877
93 92 0.000272961
93 93 0.00269466
93 94 0.000298839
93 95 0.000374827
93 108 0.000272961
93 120 0.000480609
93 121 0.000326011
93 126 0.000598659
94 25 5.4331e-05
94 52 8.14965e-05
94 60 0.000244502
94 84 0.00016943
94 93 0.000298839
94 94 0.00135544
94 108 0.00016943
94 121 0.000426795
94 123 0.000121524
94 126 0.00028453
94 130 0.000182286
95 51 0.000184968
95 52 0.00023121
95 70 0.000277452
95 73 0.000446635
95 76 0.00042111
95 93 0.000374827
95 95 0.00478244
95 96 0.000484676
95 97 0.000326982
95 107 0.000822426
95 108 0.000484676
95 111 0.000776143
95 112 0.000728298
95 126 0.000894193
95 144 0.000720056
96 38 0.000141493
96 49 0.000146977
96 57 0.000472951
96 66 0.00014139
96 68 0.000459921
96 70 9.2484e-05
96 71 0.000290276
96 73 0.000273126
96 77 0.000130208
96 87 0.000205474
96 95 0.000484676
96 96 0.00346345
96 97 0.000205474
96 105 0.000494239
96 107 0.000678493
96 111 0.000977995
97 51 0.000138726
97 55 0.000130208
97 70 9.2484e-05
97 75 0.000205474
97 76 0.000374868
97 77 0.000195312
97 95 0.000326982
97 96 0.000205474
97 97 0.00164379
97 98 0.000383569
97 107 0.000412593
98 54 0.000206296
98 55 0.000292969
98 64 0.000260417
98 75 0.000238848
98 76 0.000376512
98 77 0.000260417
98 97 0.000383569
98 98 0.0021712
98 99 0.000191784
98 107 0.000477697
98 112 0.000329448
98 125 0.000238848
99 34 9.76562e-05
99 54 0.000238848
99 55 0.000130208
99 56 9.57721e-05
99 64 9.76562e-05
99 69 0.000237786
99 78 0.000127502
99 98 0.000191784
99 99 0.00115023
99 112 0.000236964
99 113 0.000143658
99 125 0.000127502
100 36 4.78861e-05
100 56 9.57721e-05
100 79 0.0001835
100 100 0.000501708
100 113 9.57721e-05
100 127 0.000155082
100 139 0.000107196
100 150 6.73543e-05
101 53 0.000341956
101 74 0.000201369
101 80 0.00018223
101 81 0.000242974
101 91 0.000121524
101 101 0.00185392
101 110 0.000421876
101 115 0.00018223
101 116 0.000421819
101 136 0.000182286
101 141 0.000201369
101 142 0.00028125
102 39 5.43822e-05
102 85 0.000187986
102 86 0.000107787
102 102 0.00061937
102 119 0.000255303
102 129 0.000201898
102 143 0.000121699
103 43 4.78861e-05
103 65 9.57721e-05
103 90 0.0001835
103 103 0.000501708
103 124 9.57721e-05
103 133 0.000155082
103 137 0.000107196
103 147 6.73543e-05
104 42 0.000141192
104 45 0.000146815
104 62 0.00028074
104 67 0.0001899
104 90 0.0001835
104 91 0.000234617
104 104 0.00213505
104 105 0.000494239
104 106 0.000515022
104 134 0.000276383
104 135 0.000548955
104 136 0.000191215
105 45 0.000201146
105 62 0.00042111
105 66 0.000301719
105 68 0.000467233
105 87 0.00028074
105 91 0.000402041
105 96 0.000494239
105 104 0.000494239
105 105 0.00467397
105 106 0.000728298
105 107 0.000822426
105 111 0.00077909
105 135 0.000898614
105 144 0.000720056
106 48 0.000188256
106 62 0.000423576
106 67 0.00028485
106 88 0.000329448
106 89 0.000236964
106 90 0.000191544
106 104 0.000515022
106 105 0.000728298
106 106 0.00470061
106 107 0.000642412
106 124 0.000287316
106 125 0.000515022
106 134 0.00043779
106 135 0.00065416
106 144 0.000834174
106 159 0.000389904
106 161 0.000392176
107 62 0.000376512
107 64 0.000325521
107 76 0.000376512
107 77 0.000325521
107 87 0.000477697
107 88 0.000412593
107 95 0.000822426
107 96 0.000678493
107 97 0.000412593
107 98 0.000477697
107 105 0.000822426
107 106 0.000642412
107 107 0.00618097
107 111 0.000720056
107 112 0.000642412
107 125 0.000678493
107 144 0.00108008
108 35 0.000141192
108 52 0.000165891
108 69 0.0001899
108 76 0.00028074
108 79 0.0001835
108 93 0.000272961
108 94 0.00016943
108 95 0.000484676
108 108 0.00233326
108 112 0.000515022
108 126 0.000628985
108 130 0.000191215
108 131 0.000276383
109 59 0.000461611
109 60 0.000414658
109 71 0.000390088
109 72 0.000514824
109 82 0.000555333
109 83 0.000586039
109 109 0.00513031
109 111 0.000585132
109 117 0.000272984
109 118 0.000458939
109 120 0.000446881
109 121 0.000536919
109 122 0.000452066
109 132 0.000543948
109 145 0.000555333
109 155 0.000430878
109 157 0.000489827
110 53 0.000795635
110 57 0.000741395
110 68 0.000914618
110 74 0.000445498
110 91 0.000421334
110 101 0.000421876
110 110 0.00486788
110 111 0.000795094
110 116 0.000319452
110 118 0.000795635
110 135 0.000540858
110 136 0.000243049
110 142 0.000421876
110 145 0.000445498
111 57 0.000937348
111 68 0.000729269
111 71 0.000585132
111 72 0.000271774
111 73 0.000557981
111 83 0.000508402
111 95 0.000776143
111 96 0.000977995
111 105 0.00077909
111 107 0.000720056
111 109 0.000585132
111 110 0.000795094
111 111 0.00860414
111 118 0.000751999
111 120 0.000439931
111 126 0.000714179
111 135 0.0007186
111 144 0.00108008
111 145 0.000977995
112 54 0.000188256
112 69 0.00028485
112 76 0.000423576
112 79 0.000191544
112 95 0.000728298
112 98 0.000329448
112 99 0.000236964
112 107 0.000642412
112 108 0.000515022
112 112 0.00470061
112 113 0.000287316
112 125 0.000515022
112 126 0.00065416
112 131 0.00043779
112 144 0.000834174
112 148 0.000389904
112 162 0.000392176
113 56 0.000143658
113 69 0.000191544
113 79 0.000287316
113 99 0.000143658
113 100 9.57721e-05
113 112 0.000287316
113 113 0.00114927
113 125 9.57721e-05
113 127 0.000143658
113 131 0.000191544
113 148 0.000143658
114 37 6.18553e-05
114 80 0.000122599
114 81 0.000199882
114 114 0.000659196
114 115 0.000267743
114 128 0.000206999
114 151 0.000129717
115 80 0.000121487
115 81 0.000336796
115 101 0.00018223
115 114 0.000267743
115 115 0.00214194
115 116 0.000353335
115 128 0.000620998
115 140 0.000413999
115 141 0.000267743
115 151 0.000259433
115 152 0.00038915
116 53 0.000361076
116 58 0.00032016
116 81 0.000414079
116 101 0.000421819
116 110 0.000319452
116 115 0.000353335
116 116 0.00318986
116 117 0.000436389
116 118 0.0005464
116 128 0.000309131
116 140 0.000538659
116 141 0.00032016
116 142 0.00044413
117 58 0.000247799
117 81 0.000154566
117 83 0.000204738
117 109 0.000272984
117 116 0.000436389
117 117 0.00225538
117 118 0.000511549
117 128 0.000231848
117 132 0.000204738
117 140 0.000461377
117 154 0.000247799
117 155 0.000409278
118 53 0.000530423
118 57 0.000810247
118 58 0.000562828
118 83 0.000517793
118 109 0.000458939
118 110 0.000795635
118 111 0.000751999
118 116 0.0005464
118 117 0.000511549
118 118 0.00491171
118 140 0.000409081
118 142 0.000466537
118 145 0.000562828
118 155 0.000443303
119 59 0.000213619
119 85 0.00040081
119 86 0.000160214
119 102 0.000255303
119 119 0.00306363
119 122 0.00040081
119 123 0.000160214
119 129 0.000605694
119 132 0.000320794
119 143 0.000365098
119 153 0.000605694
119 156 0.000486798
119 158 0.000255303
119 166 0.000365098
120 60 0.000473999
120 72 0.000411159
120 73 0.000490038
120 92 0.000371161
120 93 0.000480609
120 109 0.000446881
120 111 0.000439931
120 120 0.00296929
120 121 0.000451838
120 126 0.000517157
120 145 0.000371161
121 59 0.000433255
121 60 0.000555502
121 84 0.000321238
121 93 0.000326011
121 94 0.000426795
121 109 0.000536919
121 120 0.000451838
121 121 0.0034402
121 122 0.000301234
121 123 0.000408212
121 126 0.000426795
121 130 0.000243049
121 145 0.000321238
121 157 0.000408212
122 59 0.00038614
122 82 0.000321982
122 85 0.000267207
122 109 0.000452066
122 119 0.00040081
122 121 0.000301234
122 122 0.00287709
122 123 0.000332735
122 132 0.000579806
122 153 0.000386537
122 157 0.000565136
122 158 0.000321982
123 59 0.000310831
123 84 0.000189475
123 86 0.000106809
123 94 0.000121524
123 119 0.000160214
123 121 0.000408212
123 122 0.000332735
123 123 0.0015158
123 130 0.000182286
123 157 0.000272141
123 158 0.000189475
124 65 0.000143658
124 67 0.000191544
124 89 0.000143658
124 90 0.000287316
124 103 9.57721e-05
124 106 0.000287316
124 124 0.00114927
124 125 9.57721e-05
124 133 0.000143658
124 134 0.000191544
124 159 0.000143658
125 64 0.000195312
125 88 0.000238848
125 89 0.000127502
125 98 0.000238848
125 99 0.000127502
125 106 0.000515022
125 107 0.000678493
125 112 0.000515022
125 113 9.57721e-05
125 124 9.57721e-05
125 125 0.00268053
125 144 0.000671026
125 148 0.000203385
125 159 0.000203385
125 185 0.00011491
126 73 0.000472201
126 93 0.000598659
126 94 0.00028453
126 95 0.000894193
126 108 0.000628985
126 111 0.000714179
126 112 0.00065416
126 120 0.000517157
126 121 0.000426795
126 126 0.00586652
126 130 0.00045412
126 131 0.000467922
126 138 0.000362445
126 144 0.00073613
126 145 0.000628985
126 157 0.000393358
126 162 0.000565966
127 79 0.000215297
127 100 0.000155082
127 113 0.000143658
127 127 0.00124066
127 131 0.000223342
127 138 0.000254234
127 139 0.000281746
127 148 9.57721e-05
127 149 0.000155082
127 150 0.000134709
127 164 0.000202063
128 81 0.000231848
128 114 0.000206999
128 115 0.000620998
128 116 0.000309131
128 117 0.000231848
128 128 0.00248399
128 140 0.000620998
128 151 0.00038915
128 152 0.000518866
128 154 0.000206999
128 165 0.00038915
129 85 0.000160397
129 102 0.000201898
129 119 0.000605694
129 129 0.00161518
129 132 0.000240596
129 143 0.000243399
129 153 0.000403796
129 154 0.000201898
129 156 0.000365098
130 79 0.000119525
130 94 0.000182286
130 108 0.000191215
130 121 0.000243049
130 123 0.000182286
130 126 0.00045412
130 130 0.00177277
130 131 0.000260906
130 138 0.000391359
130 139 7.96833e-05
130 157 0.000363509
130 158 0.000191215
131 79 0.000263183
131 108 0.000276383
131 112 0.00043779
131 113 0.000191544
131 126 0.000467922
131 127 0.000223342
131 130 0.000260906
131 131 0.00240261
131 138 0.000391359
131 148 0.000339746
131 149 0.000276383
131 162 0.000475355
132 82 0.000261515
132 83 0.000136492
132 85 0.000240596
132 109 0.000543948
132 117 0.000204738
132 119 0.000320794
132 122 0.000579806
132 129 0.000240596
132 132 0.00286519
132 153 0.000579806
132 154 0.000261515
132 155 0.000475702
132 157 0.00045228
133 90 0.000215297
133 103 0.000155082
133 124 0.000143658
133 133 0.00166944
133 134 0.000263183
133 136 0.000159367
133 137 0.000321588
133 146 0.000321588
133 147 0.000202063
133 159 9.57721e-05
133 160 0.000155082
133 163 0.000269417
133 175 0.000202063
134 90 0.000223342
134 104 0.000276383
134 106 0.00043779
134 124 0.000191544
134 133 0.000263183
134 134 0.00240261
134 135 0.000377311
134 136 0.000391359
134 146 0.000260906
134 159 0.000339746
134 160 0.000276383
134 161 0.000565966
135 68 0.000478095
135 91 0.000480096
135 104 0.000548955
135 105 0.000898614
135 106 0.00065416
135 110 0.000540858
135 111 0.0007186
135 134 0.000377311
135 135 0.00486974
135 136 0.00045412
135 142 0.000302747
135 144 0.00073613
135 145 0.000548955
135 161 0.000565966
136 90 0.000119525
136 91 0.000182286
136 101 0.000182286
136 104 0.000191215
136 110 0.000243049
136 133 0.000159367
136 134 0.000391359
136 135 0.00045412
136 136 0.00229458
136 137 0.000119525
136 141 0.000191215
136 142 0.00045412
136 146 0.000391359
136 161 0.000362445
137 90 7.96833e-05
137 103 0.000107196
137 133 0.000321588
137 136 0.000119525
137 137 0.000857568
137 141 0.000107196
137 146 0.000214392
137 147 0.000134709
137 163 0.000202063
138 79 0.000159367
138 126 0.000362445
138 127 0.000254234
138 130 0.000391359
138 131 0.000391359
138 138 0.00263821
138 139 0.000321588
138 149 0.00026455
138 157 0.000472062
138 158 0.00026455
138 162 0.000405319
138 164 0.000402291
138 176 0.000268194
139 79 0.000119525
139 100 0.000107196
139 127 0.000281746
139 130 7.96833e-05
139 138 0.000321588
139 139 0.00112698
139 150 0.000202063
139 158 0.000107196
139 164 0.000269417
139 176 0.000202063
140 115 0.000413999
140 116 0.000538659
140 117 0.000461377
140 118 0.000409081
140 128 0.000620998
140 140 0.00362903
140 141 0.000402494
140 142 0.000586484
140 152 0.000575598
140 154 0.000402494
140 155 0.00049326
140 165 0.000539106
141 101 0.000201369
141 115 0.000267743
141 116 0.00032016
141 136 0.000191215
141 137 0.000107196
141 140 0.000402494
141 141 0.00234492
141 142 0.00079752
141 146 0.00026455
141 152 0.000371958
141 163 0.000289126
141 193 0.000304046
142 101 0.00028125
142 110 0.000421876
142 116 0.00044413
142 118 0.000466537
142 135 0.000302747
142 136 0.00045412
142 140 0.000586484
142 141 0.00079752
142 142 0.00675306
142 145 0.00079752
142 146 0.000314708
142 152 0.000577707
142 155 0.000484213
142 161 0.000472062
142 163 0.000510285
142 165 0.000372897
142 192 0.000726725
142 193 0.000912138
142 209 0.000598571
142 217 0.000608092
143 102 0.000121699
143 119 0.000365098
143 129 0.000243399
143 143 0.000973596
143 156 0.000365098
143 166 0.000243399
143 177 0.000121699
144 95 0.000720056
144 105 0.000720056
144 106 0.000834174
144 107 0.00108008
144 111 0.00108008
144 112 0.000834174
144 125 0.000671026
144 126 0.00073613
144 135 0.00073613
144 144 0.00680832
144 145 0.000671026
144 148 0.000368453
144 159 0.000310998
144 161 0.000466497
144 162 0.000409042
144 185 0.000287275
144 188 0.000287275
145 109 0.000555333
145 110 0.000445498
145 111 0.000977995
145 118 0.000562828
145 120 0.000371161
145 121 0.000321238
145 126 0.000628985
145 135 0.000548955
145 142 0.00079752
145 144 0.000671026
145 145 0.00962779
145 155 0.000776729
145 157 0.000802433
145 161 0.000370308
145 162 0.000370308
145 188 0.000763546
145 189 0.000412658
145 192 0.000614008
145 195 0.000605659
145 209 0.000412658
145 216 0.0010229
145 217 0.00120577
145 219 0.00120417
146 133 0.000321588
146 134 0.000260906
146 136 0.000391359
146 137 0.000214392
146 141 0.00026455
146 142 0.000314708
146 146 0.0021164
146 160 0.00026455
146 161 0.000472062
146 163 0.000402291
146 175 0.000268194
147 103 6.73543e-05
147 133 0.000202063
147 137 0.000134709
147 147 0.000538834
147 163 0.000202063
147 175 0.000134709
147 186 6.73543e-05
148 112 0.000389904
148 113 0.000143658
148 125 0.000203385
148 127 9.57721e-05
148 131 0.000339746
148 144 0.000368453
148 148 0.0018569
148 149 0.000203385
148 162 0.000466497
148 185 0.000172365
148 187 0.000172365
148 188 0.00022982
149 127 0.000155082
149 131 0.000276383
149 138 0.00026455
149 148 0.000203385
149 149 0.00105078
149 162 0.000370308
149 164 0.000191552
149 187 0.00011491
150 100 6.73543e-05
150 127 0.000134709
150 139 0.000202063
150 150 0.000538834
150 164 0.000202063
150 176 0.000134709
150 190 6.73543e-05
151 114 0.000129717
151 115 0.000259433
151 128 0.00038915
151 151 0.00103773
151 152 0.00038915
151 165 0.000259433
151 191 0.000129717
152 115 0.00038915
152 128 0.000518866
152 140 0.000575598
152 141 0.000371958
152 142 0.000577707
152 151 0.00038915
152 152 0.00349453
152 165 0.000668822
152 191 0.000371958
152 192 0.000633501
152 193 0.000447052
152 248 0.000298035
153 119 0.000605694
153 122 0.000386537
153 129 0.000403796
153 132 0.000579806
153 153 0.00325488
153 154 0.00040686
153 155 0.000409925
153 156 0.000640775
153 157 0.000614887
153 158 0.00040686
153 166 0.000427183
154 117 0.000247799
154 128 0.000206999
154 129 0.000201898
154 132 0.000261515
154 140 0.000402494
154 153 0.00040686
154 154 0.00237125
154 155 0.000776729
154 156 0.000364898
154 165 0.000379661
154 194 0.000308026
155 109 0.000430878
155 117 0.000409278
155 118 0.000443303
155 132 0.000475702
155 140 0.00049326
155 142 0.000484213
155 145 0.000776729
155 153 0.000409925
155 154 0.000776729
155 155 0.00681906
155 156 0.000729596
155 157 0.000614887
155 165 0.000593112
155 192 0.000656608
155 194 0.000924079
155 195 0.000637704
155 215 0.000605226
155 216 0.000767359
156 119 0.000486798
156 129 0.000365098
156 143 0.000365098
156 153 0.000640775
156 154 0.000364898
156 155 0.000729596
156 156 0.00377355
156 157 0.000367569
156 166 0.000640775
156 177 0.000364898
156 194 0.000302613
156 195 0.00057829
156 215 0.00045392
157 109 0.000489827
157 121 0.000408212
157 122 0.000565136
157 123 0.000272141
157 126 0.000393358
157 130 0.000363509
157 132 0.00045228
157 138 0.000472062
157 145 0.000802433
157 153 0.000614887
157 155 0.000614887
157 156 0.000367569
157 157 0.00810235
157 158 0.000802433
157 162 0.00038145
157 164 0.00026697
157 166 0.000722729
157 176 0.000665314
157 189 0.000510285
157 195 0.000722729
157 218 0.00059607
157 219 0.000912138
157 220 0.00075711
158 119 0.000255303
158 122 0.000321982
158 123 0.000189475
158 130 0.000191215
158 138 0.00026455
158 139 0.000107196
158 153 0.00040686
158 157 0.000802433
158 158 0.00232986
158 166 0.000362609
158 176 0.000289126
158 220 0.000304046
159 106 0.000389904
159 124 0.000143658
159 125 0.000203385
159 133 9.57721e-05
159 134 0.000339746
159 144 0.000310998
159 159 0.00162708
159 160 0.000203385
159 161 0.000466497
159 185 0.000172365
159 210 0.00011491
160 133 0.000155082
160 134 0.000276383
160 146 0.00026455
160 159 0.000203385
160 160 0.00105078
160 161 0.000370308
160 175 0.000191552
160 210 0.00011491
161 106 0.000392176
161 134 0.000565966
161 135 0.000565966
161 136 0.000362445
161 142 0.000472062
161 144 0.000466497
161 145 0.000370308
161 146 0.000472062
161 159 0.000466497
161 160 0.000370308
161 161 0.00421387
161 163 0.00026697
161 175 0.000315138
161 185 0.00022982
161 188 0.000287275
161 209 0.000372593
161 210 0.00034473
162 112 0.000392176
162 126 0.000565966
162 131 0.000475355
162 138 0.000405319
162 144 0.000409042
162 145 0.000370308
162 148 0.000466497
162 149 0.000370308
162 157 0.00038145
162 162 0.00335464
162 164 0.000315138
162 187 0.000287275
162 188 0.000287275
162 189 0.00030585
163 133 0.000269417
163 137 0.000202063
163 141 0.000289126
163 142 0.000510285
163 146 0.000402291
163 147 0.000202063
163 161 0.00026697
163 163 0.00284939
163 175 0.000402291
163 186 0.000289126
163 193 0.000465086
163 209 0.000665314
163 245 0.000310058
164 127 0.000202063
164 138 0.000402291
164 139 0.000269417
164 149 0.000191552
164 150 0.000202063
164 157 0.00026697
164 162 0.000315138
164 164 0.0020688
164 176 0.000402291
164 187 0.000172365
164 189 0.000372593
164 190 0.000191552
164 246 0.00011491
165 128 0.00038915
165 140 0.000539106
165 142 0.000372897
165 151 0.000259433
165 152 0.000668822
165 154 0.000379661
165 155 0.000593112
165 165 0.00341018
165 191 0.000379661
165 192 0.000749832
165 194 0.000470159
165 249 0.00031344
166 119 0.000365098
166 143 0.000243399
166 153 0.000427183
166 156 0.000640775
166 157 0.000722729
166 158 0.000362609
166 166 0.00290087
166 177 0.000362609
166 195 0.000481819
166 218 0.000447052
166 220 0.000298035
167 167 0.000892417
167 168 7.89884e-05
167 169 0.000174161
167 170 0.000111552
167 179 0.000171955
167 180 0.000132657
167 181 0.000118483
167 198 8.8438e-05
167 206 0.000162505
167 207 0.000188335
167 208 0.000111552
168 167 7.89884e-05
168 168 0.000315954
168 169 0.000118483
168 170 3.94942e-05
168 181 0.000118483
168 182 3.94942e-05
168 183 7.89884e-05
169 167 0.000174161
169 168 0.000118483
169 169 0.000696642
169 170 6.73332e-05
169 179 8.35169e-05
169 181 0.000157977
169 183 0.000118483
169 206 0.000202
169 235 5.5678e-05
169 260 6.73332e-05
170 167 0.000111552
170 168 3.94942e-05
170 169 6.73332e-05
170 170 0.00039998
170 179 0.000160496
170 180 8.8438e-05
170 200 8.8438e-05
170 201 4.4219e-05
171 171 0.000530341
171 172 5.18111e-05
171 173 0.000210309
171 174 0.000103622
171 178 0.000103622
171 199 0.000161548
171 211 0.000109737
171 212 5.48611e-05
172 171 5.18111e-05
172 172 0.000621733
172 173 0.000155433
172 174 0.000155433
172 181 0.000155433
172 182 5.18111e-05
172 184 0.000207244
172 196 0.000155433
173 171 0.000210309
173 172 0.000155433
173 173 0.00231647
173 174 0.000259056
173 178 0.000310867
173 184 0.000310867
173 196 0.000103622
173 198 0.000207244
173 199 0.000320061
173 211 0.000164628
173 224 0.000310867
173 225 0.000207244
173 226 0.000219503
173 237 0.000210309
173 255 0.000320061
173 265 0.000164628
174 171 0.000103622
174 172 0.000155433
174 173 0.000259056
174 174 0.000828978
174 178 0.000103622
174 181 0.000103622
174 184 0.000259056
174 198 0.000155433
174 208 0.000103622
175 133 0.000202063
175 146 0.000268194
175 147 0.000134709
175 160 0.000191552
175 161 0.000315138
175 163 0.000402291
175 175 0.00153242
175 186 0.000191552
175 209 0.00030585
175 210 0.000172365
175 244 0.00011491
176 138 0.000268194
176 139 0.000202063
176 150 0.000134709
176 157 0.000665314
176 158 0.000289126
176 164 0.000402291
176 176 0.00293312
176 189 0.000598571
176 190 0.000289126
176 219 0.000620115
176 220 0.000465086
176 247 0.000465086
177 143 0.000121699
177 156 0.000364898
177 166 0.000362609
177 177 0.00171257
177 195 0.000605659
177 215 0.000493675
177 218 0.000491386
177 267 0.000128926
178 171 0.000103622
178 173 0.000310867
178 174 0.000103622
178 178 0.000828978
178 198 0.000155433
178 199 0.000103622
178 224 0.000207244
178 225 0.000155433
178 238 0.000103622
179 167 0.000171955
179 169 8.35169e-05
179 170 0.000160496
179 179 0.00139532
179 180 0.000265314
179 200 0.000176876
179 201 0.000132657
179 206 0.000111356
179 207 0.000216174
179 230 8.8438e-05
179 232 0.000265314
179 235 8.35169e-05
179 236 0.000176876
179 259 0.000160496
180 167 0.000132657
180 170 8.8438e-05
180 179 0.000265314
180 180 0.00106126
180 198 0.000132657
180 200 0.000132657
180 207 0.000176876
180 232 0.000176876
180 236 0.000265314
180 238 8.8438e-05
180 258 0.000132657
181 167 0.000118483
181 168 0.000118483
181 169 0.000157977
181 172 0.000155433
181 174 0.000103622
181 181 0.00139538
181 182 0.000154675
181 183 0.000245222
181 184 0.000282172
181 196 0.000293731
181 206 0.000308591
181 208 0.000154675
182 168 3.94942e-05
182 172 5.18111e-05
182 181 0.000154675
182 182 0.000436908
182 183 0.000166643
182 196 0.00017896
182 197 6.37793e-05
183 168 7.89884e-05
183 169 0.000118483
183 181 0.000245222
183 182 0.000166643
183 183 0.00133314
183 196 0.000381447
183 197 0.000127559
183 206 0.000269097
183 223 0.000191338
183 254 0.000254298
183 260 0.000166643
184 172 0.000207244
184 173 0.000310867
184 174 0.000259056
184 181 0.000282172
184 184 0.00272187
184 196 0.000345542
184 198 0.000308118
184 206 0.000479433
184 208 0.000314328
184 224 0.000205412
184 237 0.000314328
184 254 0.000319622
184 262 0.000442009
184 263 0.000294673
185 125 0.00011491
185 144 0.000287275
185 148 0.000172365
185 159 0.000172365
185 161 0.00022982
185 185 0.0011491
185 187 0.00011491
185 188 0.00034473
185 210 0.000172365
185 266 0.00011491
186 147 6.73543e-05
186 163 0.000289126
186 175 0.000191552
186 186 0.00142834
186 209 0.000412658
186 240 5.48611e-05
186 242 0.000109722
186 243 0.000234159
186 244 0.000370184
186 245 0.000412897
187 148 0.000172365
187 149 0.00011491
187 162 0.000287275
187 164 0.000172365
187 185 0.00011491
187 187 0.0011491
