1861 1861 22373
0 0 0.134288
0 1 -0.0393964
0 2 0.00759921
0 3 -0.0847953
0 4 -0.0222286
0 5 0.00570537
0 37 -0.00117224
1 0 -0.0393964
1 1 0.573394
1 2 -0.102284
1 3 -0.06552
1 4 -0.0467127
1 6 0.0757739
1 15 -0.223085
1 32 -0.0150893
1 37 -0.0903886
1 53 -0.0249521
1 74 -0.0393964
1 80 -0.00234448
2 0 0.00759921
2 1 -0.102284
2 2 0.241229
2 3 -0.0404824
2 6 -0.116256
2 32 0.00259549
2 44 0.00759921
3 0 -0.0847953
3 1 -0.06552
3 2 -0.0404824
3 3 0.588341
3 4 -0.112666
3 5 -0.139987
3 6 -0.0150893
3 7 0.102336
3 8 -0.0340519
3 15 -0.0468487
3 16 -0.0847953
3 33 -0.066441
4 0 -0.0222286
4 1 -0.0467127
4 3 -0.112666
4 4 0.54186
4 5 -0.0135165
4 7 -0.0340519
4 15 0.0392625
4 33 -0.14448
4 37 -0.0791929
4 53 -0.103701
4 58 -0.0222286
4 81 -0.00234448
5 0 0.00570537
5 3 -0.139987
5 4 -0.0135165
5 5 0.254187
5 7 -0.0744428
5 8 -0.0376514
5 9 0.00570537
6 1 0.0757739
6 2 -0.116256
6 3 -0.0150893
6 6 0.529294
6 15 -0.165841
6 16 -0.0370478
6 32 -0.107631
6 44 -0.0370478
6 49 -0.0219585
6 66 -0.102518
6 68 -0.00167823
7 3 0.102336
7 4 -0.0340519
7 5 -0.0744428
7 7 0.669453
7 8 -0.108155
7 9 -0.0597617
7 30 -0.122294
7 33 -0.184137
7 38 0.0170736
7 57 -0.0963604
7 58 -0.0597617
7 71 0.0332773
7 83 -0.0831748
8 3 -0.0340519
8 5 -0.0376514
8 7 -0.108155
8 8 0.482354
8 9 -0.0478022
8 16 -0.0478022
8 33 -0.0886385
8 38 -0.111574
8 49 -0.0275536
8 57 0.0208749
9 5 0.00570537
9 7 -0.0597617
9 8 -0.0478022
9 9 0.227203
9 28 -0.0371798
9 29 0.00758013
9 30 -0.0650703
9 38 -0.0306749
10 10 0.471465
10 11 -0.0208333
10 12 -0.116445
10 13 -0.0104167
10 14 -0.0712045
10 42 -0.0389104
10 43 -0.053088
10 48 -0.0503317
10 63 -0.0712045
10 65 -0.0213673
10 67 -0.0176634
11 10 -0.0208333
11 11 0.229167
11 12 -0.104167
11 13 -0.104167
11 14 0.0104167
11 40 -0.0208333
11 41 0.0104167
12 10 -0.116445
12 11 -0.104167
12 12 0.713322
12 13 0.0833333
12 14 -0.0701128
12 40 -0.0104167
12 42 -0.113612
12 45 0.102338
12 46 -0.139954
12 47 -0.0340519
12 48 -0.192894
12 61 -0.0701128
12 62 -0.106339
12 67 0.0591109
13 10 -0.0104167
13 11 -0.104167
13 12 0.0833333
13 13 0.520833
13 40 -0.145833
13 41 -0.0208333
13 48 -0.145833
13 63 -0.0208333
13 64 -0.104167
13 88 -0.0416667
13 89 -0.0104167
14 10 -0.0712045
14 11 0.0104167
14 12 -0.0701128
14 14 0.136111
14 42 -0.0167443
14 43 0.00582867
14 46 0.00570568
15 1 -0.223085
15 3 -0.0468487
15 4 0.0392625
15 6 -0.165841
15 15 1.03153
15 16 -0.0749125
15 32 -0.0740957
15 33 -0.0879095
15 49 0.076036
15 53 -0.114852
15 68 -0.28437
15 74 -0.0749125
16 3 -0.0847953
16 6 -0.0370478
16 8 -0.0478022
16 15 -0.0749125
16 16 0.420597
16 33 -0.0511805
16 49 -0.124859
17 17 0.128731
17 18 -0.0349381
17 19 -0.0762784
17 20 0.00759921
17 29 0.00758013
17 31 -0.0347694
17 39 0.00207594
18 17 -0.0349381
18 18 0.549076
18 19 -0.113026
18 20 -0.102284
18 25 -0.0150893
18 26 0.0757739
18 31 0.00290689
18 39 -0.0763617
18 59 -0.100547
18 60 -0.154726
18 84 -0.0349381
18 86 0.00415188
19 17 -0.0762784
19 18 -0.113026
19 19 0.530069
19 20 -0.0404824
19 26 -0.0150893
19 28 -0.0151537
19 29 -0.040616
19 31 -0.112924
19 59 0.0669729
19 60 -0.0537426
19 72 -0.0534511
19 92 -0.0762784
20 17 0.00759921
20 18 -0.102284
20 19 -0.0404824
20 20 0.241229
20 25 0.00259549
20 26 -0.116256
20 27 0.00759921
21 21 0.229167
21 22 -0.0208333
21 23 0.0104167
21 24 -0.104167
21 34 -0.104167
21 41 0.0104167
21 55 -0.0208333
22 21 -0.0208333
22 22 0.471465
22 23 -0.0712045
22 24 -0.116445
22 34 -0.0104167
22 35 -0.0389104
22 36 -0.053088
22 54 -0.0503317
22 56 -0.0213673
22 69 -0.0176634
22 78 -0.0712045
23 21 0.0104167
23 22 -0.0712045
23 23 0.136111
23 24 -0.0701128
23 35 -0.0167443
23 36 0.00582867
23 50 0.00570569
24 21 -0.104167
24 22 -0.116445
24 23 -0.0701128
24 24 0.713322
24 34 0.0833333
24 35 -0.113612
24 50 -0.139954
24 51 -0.0340519
24 52 0.102338
24 54 -0.192894
24 55 -0.0104167
24 69 0.0591109
24 75 -0.0701128
24 76 -0.106339
25 18 -0.0150893
25 20 0.00259549
25 25 0.500338
25 26 -0.0652378
25 27 -0.00594734
25 52 -0.180813
25 60 -0.195816
25 84 -0.00594734
25 94 -0.0340829
26 18 0.0757739
26 19 -0.0150893
26 20 -0.116256
26 25 -0.0652378
26 26 0.60478
26 27 -0.106636
26 52 0.0381558
26 60 -0.117163
26 70 -0.0757707
26 73 0.00410311
26 92 -0.106636
26 93 -0.120025
27 20 0.00759921
27 25 -0.00594734
27 26 -0.106636
27 27 0.255029
27 50 0.00570569
27 51 -0.0477784
27 52 -0.112075
27 70 0.00410311
28 9 -0.0371798
28 19 -0.0151537
28 28 0.531051
28 29 -0.116404
28 30 -0.164142
28 31 0.0757882
28 38 -0.04747
28 72 -0.110665
28 73 -0.0786441
28 92 -0.0371798
29 9 0.00758013
29 17 0.00758013
29 19 -0.040616
29 28 -0.116404
29 29 0.241369
29 30 0.00272187
29 31 -0.102231
30 7 -0.122294
30 9 -0.0650703
30 28 -0.164142
30 29 0.00272187
30 30 0.631571
30 31 -0.0151537
30 38 -0.0040928
30 71 -0.147451
30 72 -0.129549
30 73 0.111807
30 82 -0.0650703
30 83 -0.0332773
31 17 -0.0347694
31 18 0.00290689
31 19 -0.112924
31 28 0.0757882
31 29 -0.102231
31 30 -0.0151537
31 31 0.549174
31 39 -0.0763658
31 59 -0.100933
31 72 -0.154873
31 82 -0.0347694
31 85 0.00415188
32 1 -0.0150893
32 2 0.00259549
32 6 -0.107631
32 15 -0.0740957
32 32 0.519532
32 44 -0.0651747
32 45 -0.0528506
32 66 -0.0180518
32 68 -0.0216121
32 74 -0.0651747
32 91 -0.102448
33 3 -0.066441
33 4 -0.14448
33 7 -0.184137
33 8 -0.0886385
33 15 -0.0879095
33 16 -0.0511805
33 33 1.05658
33 49 0.0335709
33 53 -0.146294
33 57 -0.293427
33 58 -0.0511805
33 68 0.0235416
34 21 -0.104167
34 22 -0.0104167
34 24 0.0833333
34 34 0.5625
34 41 -0.0208333
34 54 -0.104167
34 55 -0.229167
34 64 -0.0625
34 78 -0.0208333
34 99 -0.09375
35 22 -0.0389104
35 23 -0.0167443
35 24 -0.113612
35 35 0.56312
35 36 -0.0992074
35 50 -0.0135532
35 52 -0.0340519
35 56 0.0777066
35 69 -0.219522
35 76 -0.067114
35 79 -0.0213673
35 108 -0.0167443
36 22 -0.053088
36 23 0.00582867
36 35 -0.0992074
36 36 0.257198
36 56 -0.130795
36 79 0.0142347
36 100 0.00582867
37 0 -0.00117224
37 1 -0.0903886
37 4 -0.0791929
37 37 0.256792
37 53 0.00234448
37 80 -0.0542569
37 81 -0.032954
37 114 -0.00117224
38 7 0.0170736
38 8 -0.111574
38 9 -0.0306749
38 28 -0.04747
38 30 -0.0040928
38 38 0.540504
38 49 -0.0441497
38 57 -0.108399
38 71 -0.0916084
38 73 -0.0889329
38 96 -0.0306749
39 17 0.00207594
39 18 -0.0763617
39 31 -0.0763658
39 39 0.241696
39 59 -0.00415188
39 85 -0.0443735
39 86 -0.0445953
39 102 0.00207594
40 11 -0.0208333
40 12 -0.0104167
40 13 -0.145833
40 40 0.541667
40 41 -0.0833333
40 48 -0.0416667
40 61 -0.0833333
40 64 -0.0208333
40 77 -0.0625
40 87 -0.0625
40 88 -0.0104167
41 11 0.0104167
41 13 -0.0208333
41 21 0.0104167
41 34 -0.0208333
41 40 -0.0833333
41 41 0.25
41 55 -0.0833333
41 64 -0.0625
41 77 -4.91679e-11
42 10 -0.0389104
42 12 -0.113612
42 14 -0.0167443
42 42 0.56312
42 43 -0.0992074
42 45 -0.0340519
42 46 -0.0135532
42 62 -0.067114
42 65 0.0777066
42 67 -0.219522
42 90 -0.0213673
42 104 -0.0167443
43 10 -0.053088
43 14 0.00582867
43 42 -0.0992074
43 43 0.257198
43 65 -0.130795
43 90 0.0142347
43 103 0.00582867
44 2 0.00759921
44 6 -0.0370478
44 32 -0.0651747
44 44 0.227183
44 45 -0.059796
44 46 0.00570568
44 47 -0.0477784
44 66 -0.0306908
45 12 0.102338
45 32 -0.0528506
45 42 -0.0340519
45 44 -0.059796
45 45 0.636052
45 46 -0.0744406
45 47 -0.0764922
45 62 -0.215724
45 66 -0.0504526
45 91 -0.119235
45 104 -0.059796
45 105 0.00444957
46 12 -0.139954
46 14 0.00570568
46 42 -0.0135532
46 44 0.00570568
46 45 -0.0744406
46 46 0.254152
46 47 -0.0376157
47 12 -0.0340519
47 44 -0.0477784
47 45 -0.0764922
47 46 -0.0376157
47 47 0.461423
47 61 -0.0477784
47 62 -0.0994955
47 66 -0.122314
47 87 0.00410311
48 10 -0.0503317
48 12 -0.192894
48 13 -0.145833
48 40 -0.0416667
48 48 1.07552
48 61 -0.111184
48 62 -0.0880175
48 63 -0.111184
48 67 -0.148993
48 88 -0.339794
48 89 0.0470579
48 106 0.107325
49 6 -0.0219585
49 8 -0.0275536
49 15 0.076036
49 16 -0.124859
49 33 0.0335709
49 38 -0.0441497
49 49 0.566132
49 57 -0.110342
49 66 -0.0336132
49 68 -0.188405
49 96 -0.124859
50 23 0.00570569
50 24 -0.139954
50 27 0.00570569
50 35 -0.0135532
50 50 0.254152
50 51 -0.0376157
50 52 -0.0744406
51 24 -0.0340519
51 27 -0.0477784
51 50 -0.0376157
51 51 0.482276
51 52 -0.108139
51 70 -0.11152
51 75 -0.0477784
51 76 -0.0887016
51 95 0.0208525
51 97 -0.0275433
52 24 0.102338
52 25 -0.180813
52 26 0.0381558
52 27 -0.112075
52 35 -0.0340519
52 50 -0.0744406
52 51 -0.108139
52 52 0.822529
52 60 0.122867
52 70 0.0357495
52 76 -0.184078
52 93 -0.277648
52 94 -0.014879
52 95 -0.0234402
52 108 -0.112075
53 1 -0.0249521
53 4 -0.103701
53 15 -0.114852
53 33 -0.146294
53 37 0.00234448
53 53 1.31119
53 57 -0.049294
53 58 -0.145533
53 68 -0.0227501
53 74 -0.145533
53 80 -0.113459
53 81 -0.201408
53 101 0.0230334
53 110 -0.0771485
53 116 -0.230357
53 118 0.0387161
54 22 -0.0503317
54 24 -0.192894
54 34 -0.104167
54 54 1.07552
54 55 -0.0833333
54 69 -0.148993
54 75 -0.111184
54 76 -0.0880175
54 78 -0.111184
54 98 -0.298128
54 99 0.00539121
54 112 0.107325
55 21 -0.0208333
55 24 -0.0104167
55 34 -0.229167
55 41 -0.0833333
55 54 -0.0833333
55 55 0.666667
55 64 1.35485e-11
55 75 -0.0833333
55 77 -0.125
55 97 2.94278e-11
55 98 -0.15625
55 99 0.125
56 22 -0.0213673
56 35 0.0777066
56 36 -0.130795
56 56 0.545073
56 69 -0.181803
56 78 -0.0496368
56 79 -0.0658494
56 99 0.00475505
56 100 -0.0496368
56 113 -0.128447
57 7 -0.0963604
57 8 0.0208749
57 33 -0.293427
57 38 -0.108399
57 49 -0.110342
57 53 -0.049294
57 57 1.45713
57 58 -0.0121872
57 68 -0.205859
57 71 -0.307504
57 83 -0.137512
57 96 -0.0121872
57 110 0.0582997
57 111 -0.22008
57 118 0.0168489
58 4 -0.0222286
58 7 -0.0597617
58 33 -0.0511805
58 53 -0.145533
58 57 -0.0121872
58 58 0.719794
58 81 -0.119736
58 83 -0.180354
58 116 0.0542773
58 117 -0.144246
58 118 -0.0388438
59 18 -0.100547
59 19 0.0669729
59 31 -0.100933
59 39 -0.00415188
59 59 1.41226
59 60 -0.273417
59 72 -0.156242
59 82 -0.11448
59 84 -0.11448
59 85 -0.141961
59 86 -0.215636
59 109 -0.0758223
59 119 0.0791888
59 121 0.0222815
59 122 -0.345054
59 123 0.0620166
60 18 -0.154726
60 19 -0.0537426
60 25 -0.195816
60 26 -0.117163
60 52 0.122867
60 59 -0.273417
60 60 1.452
60 72 -0.0826259
60 84 -0.149438
60 92 -0.149438
60 93 -0.428817
60 94 0.0493715
60 109 0.124481
60 120 -0.133238
60 121 -0.0102957
61 12 -0.0701128
61 40 -0.0833333
61 47 -0.0477784
61 48 -0.111184
61 61 0.511426
61 62 -0.0822297
61 87 -0.147452
61 88 0.0306647
62 12 -0.106339
62 42 -0.067114
62 45 -0.215724
62 47 -0.0994955
62 48 -0.0880175
62 61 -0.0822297
62 62 1.27796
62 66 0.0424403
62 67 -0.184446
62 87 -0.0110513
62 88 -0.021008
62 104 -0.0822297
62 105 -0.385978
62 106 -0.0715692
62 107 0.0948016
63 10 -0.0712045
63 13 -0.0208333
63 48 -0.111184
63 63 0.428299
63 65 -0.0496368
63 67 -0.0377158
63 89 -0.137724
64 13 -0.104167
64 34 -0.0625
64 40 -0.0208333
64 41 -0.0625
64 55 1.35485e-11
64 64 0.75
64 77 -0.0625
64 87 0.125
64 88 -0.229167
64 89 -0.0208333
64 98 -0.125
64 99 -0.0625
64 107 -0.0625
64 125 -0.0625
65 10 -0.0213673
65 42 0.0777066
65 43 -0.130795
65 63 -0.0496368
65 65 0.545073
65 67 -0.181803
65 89 0.00475505
65 90 -0.0658494
65 103 -0.0496368
65 124 -0.128447
66 6 -0.102518
66 32 -0.0180518
66 44 -0.0306908
66 45 -0.0504526
66 47 -0.122314
66 49 -0.0336132
66 62 0.0424403
66 66 0.687836
66 68 -0.182792
66 87 -0.0757707
66 91 0.105008
66 96 -0.0306908
66 105 -0.18839
67 10 -0.0176634
67 12 0.0591109
67 42 -0.219522
67 48 -0.148993
67 62 -0.184446
67 63 -0.0377158
67 65 -0.181803
67 67 1.16226
67 89 0.0583828
67 90 -0.132298
67 104 -0.0377158
67 106 -0.364075
67 124 0.0444821
68 6 -0.00167823
68 15 -0.28437
68 32 -0.0216121
68 33 0.0235416
68 49 -0.188405
68 53 -0.0227501
68 57 -0.205859
68 66 -0.182792
68 68 1.4726
68 74 -0.0149653
68 91 -0.103332
68 96 -0.0149653
68 105 -0.371843
68 110 -0.122661
68 111 -0.0339408
68 135 0.0730305
69 22 -0.0176634
69 24 0.0591109
69 35 -0.219522
69 54 -0.148993
69 56 -0.181803
69 69 1.16226
69 76 -0.184446
69 78 -0.0377158
69 79 -0.132298
69 99 0.0583828
69 108 -0.0377158
69 112 -0.364075
69 113 0.0444821
70 26 -0.0757707
70 27 0.00410311
70 51 -0.11152
70 52 0.0357495
70 70 0.521511
70 73 -0.122314
70 93 -0.0506466
70 95 -0.161091
70 96 0.00410311
70 97 -0.0441242
71 7 0.0332773
71 30 -0.147451
71 38 -0.0916084
71 57 -0.307504
71 71 1.76781
71 72 -0.650905
71 73 -0.33896
71 82 0.06813
71 83 -0.143149
71 96 0.06813
71 109 0.125236
71 111 -0.383009
72 19 -0.0534511
72 28 -0.110665
72 30 -0.129549
72 31 -0.154873
72 59 -0.156242
72 60 -0.0826259
72 71 -0.650905
72 72 1.68504
72 73 0.0299511
72 82 -0.208876
72 92 -0.208876
72 109 -0.0353747
72 111 0.331766
72 120 -0.255315
73 26 0.00410311
73 28 -0.0786441
73 30 0.111807
73 38 -0.0889329
73 70 -0.122314
73 71 -0.33896
73 72 0.0299511
73 73 1.35288
73 92 -0.304117
73 93 -0.0675968
73 95 -0.218747
73 96 -0.304117
73 111 -0.058768
73 120 -0.149142
73 126 0.232599
74 1 -0.0393964
74 15 -0.0749125
74 32 -0.0651747
74 53 -0.145533
74 68 -0.0149653
74 74 0.661631
74 80 -0.0474636
74 91 -0.172746
74 101 -0.144583
74 110 0.0431445
75 24 -0.0701128
75 51 -0.0477784
75 54 -0.111184
75 55 -0.0833333
75 75 0.511426
75 76 -0.0822297
75 97 -0.147452
75 98 0.0306647
76 24 -0.106339
76 35 -0.067114
76 51 -0.0887016
76 52 -0.184078
76 54 -0.0880175
76 69 -0.184446
76 75 -0.0822297
76 76 1.23552
76 95 -0.375184
76 97 0.0205951
76 98 -0.021008
76 107 0.0948016
76 108 -0.0822297
76 112 -0.0715692
77 40 -0.0625
77 41 -4.91679e-11
77 55 -0.125
77 64 -0.0625
77 77 0.625
77 87 -0.1875
77 96 -4.91679e-11
77 97 -0.125
77 98 -2.41396e-10
77 107 -0.0625
78 22 -0.0712045
78 34 -0.0208333
78 54 -0.111184
78 56 -0.0496368
78 69 -0.0377158
78 78 0.428299
78 99 -0.137724
79 35 -0.0213673
79 36 0.0142347
79 56 -0.0658494
79 69 -0.132298
79 79 0.898203
79 100 -0.151258
79 108 -0.151258
79 112 0.00951009
79 113 0.00475505
79 127 0.0464224
79 130 0.0105952
79 131 -0.423957
79 138 0.210278
79 139 -0.24801
80 1 -0.00234448
80 37 -0.0542569
80 53 -0.113459
80 74 -0.0474636
80 80 0.490942
80 81 -0.104172
80 101 -0.0982037
80 114 -0.0474636
80 115 -0.023579
81 4 -0.00234448
81 37 -0.032954
81 53 -0.201408
81 58 -0.119736
81 80 -0.104172
81 81 0.730815
81 101 0.115691
81 114 -0.119736
81 115 -0.00512928
81 116 -0.158318
81 117 0.0148458
81 128 -0.117554
82 30 -0.0650703
82 31 -0.0347694
82 59 -0.11448
82 71 0.06813
82 72 -0.208876
82 82 0.765514
82 83 -0.180354
82 85 -0.122264
82 109 -0.0585458
82 122 0.0611751
82 132 -0.11046
83 7 -0.0831748
83 30 -0.0332773
83 57 -0.137512
83 58 -0.180354
83 71 -0.143149
83 82 -0.180354
83 83 0.917711
83 109 -0.173352
83 111 0.213606
83 117 -0.0667696
83 118 -0.0793961
83 132 -0.053978
84 18 -0.0349381
84 25 -0.00594734
84 59 -0.11448
84 60 -0.149438
84 84 0.629108
84 86 -0.0348142
84 94 -0.171128
84 121 0.0324346
84 123 -0.150796
85 31 0.00415188
85 39 -0.0443735
85 59 -0.141961
85 82 -0.122264
85 85 0.593583
85 86 -0.0319016
85 102 -0.122264
85 119 -0.0103778
85 122 -0.0396024
85 129 -0.0406085
85 132 -0.0443818
86 18 0.00415188
86 39 -0.0445953
86 59 -0.215636
86 84 -0.0348142
86 85 -0.0319016
86 86 0.492542
86 102 -0.0348142
86 119 -0.125164
86 123 -0.00976874
87 40 -0.0625
87 47 0.00410311
87 61 -0.147452
87 62 -0.0110513
87 64 0.125
87 66 -0.0757707
87 77 -0.1875
87 87 0.777308
87 88 -0.0229308
87 96 -0.147452
87 105 -0.112293
87 107 -0.13946
88 13 -0.0416667
88 40 -0.0104167
88 48 -0.339794
88 61 0.0306647
88 62 -0.021008
88 64 -0.229167
88 87 -0.0229308
88 88 1.31717
88 89 -0.213834
88 106 -0.17352
88 107 -0.326164
88 125 0.0306647
89 13 -0.0104167
89 48 0.0470579
89 63 -0.137724
89 64 -0.0208333
89 65 0.00475505
89 67 0.0583828
89 88 -0.213834
89 89 0.604503
89 106 -0.114957
89 124 -0.0792103
89 125 -0.137724
90 42 -0.0213673
90 43 0.0142347
90 65 -0.0658494
90 67 -0.132298
90 90 0.687926
90 103 -0.151258
90 104 -0.151258
90 106 0.00951009
90 124 0.00475505
90 133 0.0404808
90 134 -0.207738
90 136 0.00465361
90 137 -0.0317902
91 32 -0.102448
91 45 -0.119235
91 66 0.105008
91 68 -0.103332
91 74 -0.172746
91 91 0.786554
91 101 -0.0439296
91 104 -0.172746
91 105 -0.0642613
91 110 -0.0506681
91 135 0.00276385
91 136 -0.0649594
92 19 -0.0762784
92 26 -0.106636
92 28 -0.0371798
92 60 -0.149438
92 72 -0.208876
92 73 -0.304117
92 92 0.779512
92 93 0.0164251
92 120 0.0865883
93 26 -0.120025
93 52 -0.277648
93 60 -0.428817
93 70 -0.0506466
93 73 -0.0675968
93 92 0.0164251
93 93 1.38456
93 94 -0.186291
93 95 -0.229802
93 108 0.0164251
93 120 0.00829041
93 121 -0.0311886
93 126 -0.033689
94 25 -0.0340829
94 52 -0.014879
94 60 0.0493715
94 84 -0.171128
94 93 -0.186291
94 94 0.679056
94 108 -0.171128
94 121 -0.0553516
94 123 -0.0439296
94 126 0.0133219
94 130 -0.0649594
95 51 0.0208525
95 52 -0.0234402
95 70 -0.161091
95 73 -0.218747
95 76 -0.375184
95 93 -0.229802
95 95 1.61117
95 96 0.00100594
95 97 -0.14394
95 107 -0.186687
95 108 0.00100594
95 111 -0.0885107
95 112 -0.0717264
95 126 -0.275943
95 144 0.141034
96 38 -0.0306749
96 49 -0.124859
96 57 -0.0121872
96 66 -0.0306908
96 68 -0.0149653
96 70 0.00410311
96 71 0.06813
96 73 -0.304117
96 77 -4.91679e-11
96 87 -0.147452
96 95 0.00100594
96 96 0.884133
96 97 -0.147452
96 105 -0.0115581
96 107 -0.0324069
96 111 -0.101009
97 51 -0.0275433
97 55 2.94278e-11
97 70 -0.0441242
97 75 -0.147452
97 76 0.0205951
97 77 -0.125
97 95 -0.14394
97 96 -0.147452
97 97 0.652308
97 98 0.0395692
97 107 -0.0769604
98 54 -0.298128
98 55 -0.15625
98 64 -0.125
98 75 0.0306647
98 76 -0.021008
98 77 -2.41396e-10
98 97 0.0395692
98 98 1.35884
98 99 -0.297168
98 107 -0.388664
98 112 -0.17352
98 125 0.0306647
99 34 -0.09375
99 54 0.00539121
99 55 0.125
99 56 0.00475505
99 64 -0.0625
99 69 0.0583828
99 78 -0.137724
99 98 -0.297168
99 99 0.729503
99 112 -0.114957
99 113 -0.0792103
99 125 -0.137724
100 36 0.00582867
100 56 -0.0496368
100 79 -0.151258
100 100 0.316781
100 113 0.00475505
100 127 -0.158378
100 139 0.026989
100 150 0.00491954
101 53 0.0230334
101 74 -0.144583
101 80 -0.0982037
101 81 0.115691
101 91 -0.0439296
101 101 0.842161
101 110 -0.162913
101 115 -0.11102
101 116 -0.206899
101 136 -0.144173
101 141 -0.144583
101 142 0.0754207
102 39 0.00207594
102 85 -0.122264
102 86 -0.0348142
102 102 0.262485
102 119 -0.0739253
102 129 -0.015004
102 143 -0.0185531
103 43 0.00582867
103 65 -0.0496368
103 90 -0.151258
103 103 0.316781
103 124 0.00475505
103 133 -0.158378
103 137 0.026989
103 147 0.00491954
104 42 -0.0167443
104 45 -0.059796
104 62 -0.0822297
104 67 -0.0377158
104 90 -0.151258
104 91 -0.172746
104 104 0.684945
104 105 -0.0115581
104 106 -0.0248679
104 134 0.0302056
104 135 -0.0412744
104 136 -0.11696
105 45 0.00444957
105 62 -0.385978
105 66 -0.18839
105 68 -0.371843
105 87 -0.112293
105 91 -0.0642613
105 96 -0.0115581
105 104 -0.0115581
105 105 1.55089
105 106 -0.0717264
105 107 -0.186687
105 111 -0.151001
105 135 -0.141074
105 144 0.141034
106 48 0.107325
106 62 -0.0715692
106 67 -0.364075
106 88 -0.17352
106 89 -0.114957
106 90 0.00951009
106 104 -0.0248679
106 105 -0.0717264
106 106 1.4652
106 107 -0.0205171
106 124 -0.16519
106 125 -0.0248679
106 134 -0.252386
106 135 -0.127512
106 144 -0.168654
106 159 -0.0327822
106 161 0.0305914
107 62 0.0948016
107 64 -0.0625
107 76 0.0948016
107 77 -0.0625
107 87 -0.13946
107 88 -0.326164
107 95 -0.186687
107 96 -0.0324069
107 97 -0.0769604
107 98 -0.388664
107 105 -0.186687
107 106 -0.0205171
107 107 1.63202
107 111 -0.126205
107 112 -0.0205171
107 125 -0.0324069
107 144 -0.159943
108 35 -0.0167443
108 52 -0.112075
108 69 -0.0377158
108 76 -0.0822297
108 79 -0.151258
108 93 0.0164251
108 94 -0.171128
108 95 0.00100594
108 108 0.727394
108 112 -0.0248679
108 126 -0.062051
108 130 -0.11696
108 131 0.0302056
109 59 -0.0758223
109 60 0.124481
109 71 0.125236
109 72 -0.0353747
109 82 -0.0585458
109 83 -0.173352
109 109 1.84521
109 111 -0.103468
109 117 0.0490857
109 118 -0.353146
109 120 -0.411098
109 121 -0.212021
109 122 -0.0900579
109 132 -0.315844
109 145 -0.0585458
109 155 -0.146986
109 157 -0.109754
110 53 -0.0771485
110 57 0.0582997
110 68 -0.122661
110 74 0.0431445
110 91 -0.0506681
110 101 -0.162913
110 110 1.53491
110 111 -0.102635
110 116 -0.188709
110 118 -0.267389
110 135 -0.463165
110 136 0.0275324
110 142 -0.271738
110 145 0.0431445
111 57 -0.22008
111 68 -0.0339408
111 71 -0.383009
111 72 0.331766
111 73 -0.058768
111 83 0.213606
111 95 -0.0885107
111 96 -0.101009
111 105 -0.151001
111 107 -0.126205
111 109 -0.103468
111 110 -0.102635
111 111 2.18874
111 118 -0.149119
111 120 -0.757466
111 126 -0.0770625
111 135 -0.0582422
111 144 -0.222591
111 145 -0.101009
112 54 0.107325
112 69 -0.364075
112 76 -0.0715692
112 79 0.00951009
112 95 -0.0717264
112 98 -0.17352
112 99 -0.114957
112 107 -0.0205171
112 108 -0.0248679
112 112 1.4652
112 113 -0.16519
112 125 -0.0248679
112 126 -0.127512
112 131 -0.252386
112 144 -0.168654
112 148 -0.0327822
112 162 0.0305914
113 56 -0.128447
113 69 0.0444821
113 79 0.00475505
113 99 -0.0792103
113 100 0.00475505
113 112 -0.16519
113 113 0.575751
113 125 0.00475505
113 127 -0.0792103
113 131 -0.0539922
113 148 -0.128447
114 37 -0.00117224
114 80 -0.0474636
114 81 -0.119736
114 114 0.265846
114 115 -0.0710474
114 128 -0.00535123
114 151 -0.0210755
115 80 -0.023579
115 81 -0.00512928
115 101 -0.11102
115 114 -0.0710474
115 115 0.645797
115 116 -0.187561
115 128 -0.0457697
115 140 -0.0107025
115 141 -0.0710474
115 151 -0.0155831
115 152 -0.104358
116 53 -0.230357
116 58 0.0542773
116 81 -0.158318
116 101 -0.206899
116 110 -0.188709
116 115 -0.187561
116 116 1.33369
116 117 0.0111512
116 118 -0.153837
116 128 -0.0715603
116 140 -0.27663
116 141 0.0542773
116 142 0.0204778
117 58 -0.144246
117 81 0.0148458
117 83 -0.0667696
117 109 0.0490857
117 116 0.0111512
117 117 0.782228
117 118 -0.175585
117 128 -0.153295
117 132 -0.167935
117 140 -0.00637263
117 154 -0.144246
117 155 0.00113981
118 53 0.0387161
118 57 0.0168489
118 58 -0.0388438
118 83 -0.0793961
118 109 -0.353146
118 110 -0.267389
118 111 -0.149119
118 116 -0.153837
118 117 -0.175585
118 118 1.47548
118 140 -0.0836171
118 142 0.02179
118 145 -0.0388438
118 155 -0.213053
119 59 0.0791888
119 85 -0.0103778
119 86 -0.125164
119 102 -0.0739253
119 119 0.941418
119 122 -0.398386
119 123 -0.0655995
119 129 -0.147884
119 132 0.140884
119 143 -0.0951157
119 153 -0.157361
119 156 0.083813
119 158 -0.0739253
119 166 -0.0975658
120 60 -0.133238
120 72 -0.255315
120 73 -0.149142
120 92 0.0865883
120 93 0.00829041
120 109 -0.411098
120 111 -0.757466
120 120 1.97237
120 121 -0.240043
120 126 -0.207531
120 145 0.0865883
121 59 0.0222815
121 60 -0.0102957
121 84 0.0324346
121 93 -0.0311886
121 94 -0.0553516
121 109 -0.212021
121 120 -0.240043
121 121 1.45146
121 122 -0.191471
121 123 -0.14874
121 126 -0.392178
121 130 0.0275324
121 145 0.0324346
121 157 -0.284849
122 59 -0.345054
122 82 0.0611751
122 85 -0.0396024
122 109 -0.0900579
122 119 -0.398386
122 121 -0.191471
122 122 1.40168
122 123 -0.154238
122 132 -0.155421
122 153 -0.120825
122 157 -0.0289791
122 158 0.0611751
123 59 0.0620166
123 84 -0.150796
123 86 -0.00976874
123 94 -0.0439296
123 119 -0.0655995
123 121 -0.14874
123 122 -0.154238
123 123 0.735287
123 130 -0.144173
123 157 0.0707374
123 158 -0.150796
124 65 -0.128447
124 67 0.0444821
124 89 -0.0792103
124 90 0.00475505
124 103 0.00475505
124 106 -0.16519
124 124 0.575751
124 125 0.00475505
124 133 -0.0792103
124 134 -0.0539922
124 159 -0.128447
125 64 -0.0625
125 88 0.0306647
125 89 -0.137724
125 98 0.0306647
125 99 -0.137724
125 106 -0.0248679
125 107 -0.0324069
125 112 -0.0248679
125 113 0.00475505
125 124 0.00475505
125 125 0.732476
125 144 -0.145429
125 148 -0.1248
125 159 -0.1248
125 185 0.0118035
126 73 0.232599
126 93 -0.033689
126 94 0.0133219
126 95 -0.275943
126 108 -0.062051
126 111 -0.0770625
126 112 -0.127512
126 120 -0.207531
126 121 -0.392178
126 126 1.62664
126 130 -0.154193
126 131 -0.0803172
126 138 -0.0277701
126 144 -0.102555
126 145 -0.062051
126 157 -0.180358
126 162 -0.0893514
127 79 0.0464224
127 100 -0.158378
127 113 -0.0792103
127 127 0.671257
127 131 -0.200932
127 138 0.0305238
127 139 -0.0414982
127 148 0.00475504
127 149 -0.158378
127 150 -0.0746244
127 164 -0.0399372
128 81 -0.117554
128 114 -0.00535123
128 115 -0.0457697
128 116 -0.0715603
128 117 -0.153295
128 128 0.690514
128 140 -0.178135
128 151 -0.0914022
128 152 0.0822627
128 154 -0.00535123
128 165 -0.104358
129 85 -0.0406085
129 102 -0.015004
129 119 -0.147884
129 129 0.646923
129 132 -0.259116
129 143 -0.0116759
129 153 -0.0600642
129 154 -0.015004
129 156 -0.0975658
130 79 0.0105952
130 94 -0.0649594
130 108 -0.11696
130 121 0.0275324
130 123 -0.144173
130 126 -0.154193
130 130 0.686429
130 131 0.00853223
130 138 -0.0101469
130 139 -0.118337
130 157 -0.00735947
130 158 -0.11696
131 79 -0.423957
131 108 0.0302056
131 112 -0.252386
131 113 -0.0539922
131 126 -0.0803172
131 127 -0.200932
131 130 0.00853223
131 131 1.34144
131 138 -0.384438
131 148 0.00949592
131 149 0.0302056
131 162 -0.0238609
132 82 -0.11046
132 83 -0.053978
132 85 -0.0443818
132 109 -0.315844
132 117 -0.167935
132 119 0.140884
132 122 -0.155421
132 129 -0.259116
132 132 1.06605
132 153 -0.182149
132 154 -0.11046
132 155 -0.00296274
132 157 0.195771
133 90 0.0404808
133 103 -0.158378
133 124 -0.0792103
133 133 0.996728
133 134 -0.417151
133 136 0.222161
133 137 -0.254677
133 146 -0.0817686
133 147 -0.180975
133 159 0.00475505
133 160 -0.158378
133 163 0.10331
133 175 -0.0368964
134 90 -0.207738
134 104 0.0302056
134 106 -0.252386
134 124 -0.0539922
134 133 -0.417151
134 134 1.34144
134 135 -0.0201684
134 136 -0.267836
134 146 -0.10807
134 159 0.00949592
134 160 0.0302056
134 161 -0.0840097
135 68 0.0730305
135 91 0.00276385
135 104 -0.0412744
135 105 -0.141074
135 106 -0.127512
135 110 -0.463165
135 111 -0.0582422
135 134 -0.0201684
135 135 1.45906
135 136 -0.242112
135 142 -0.120209
135 144 -0.102555
135 145 -0.0412744
135 161 -0.17727
136 90 0.00465361
136 91 -0.0649594
136 101 -0.144173
136 104 -0.11696
136 110 0.0275324
136 133 0.222161
136 134 -0.267836
136 135 -0.242112
136 136 1.05666
136 137 -0.334556
136 141 -0.11696
136 142 -0.0675082
136 146 -0.104007
136 161 0.148068
137 90 -0.0317902
137 103 0.026989
137 133 -0.254677
137 136 -0.334556
137 137 0.734887
137 141 0.026989
137 146 -0.156956
137 147 0.0260102
137 163 -0.0368964
138 79 0.210278
138 126 -0.0277701
138 127 0.0305238
138 130 -0.0101469
138 131 -0.384438
138 138 1.56194
138 139 -0.479526
138 149 -0.00182399
138 157 -0.343564
138 158 -0.00182399
138 162 -0.0580378
138 164 -0.287599
138 176 -0.208014
139 79 -0.24801
139 100 0.026989
139 127 -0.0414982
139 130 -0.118337
139 138 -0.479526
139 139 0.844279
139 150 -0.0803406
139 158 0.026989
139 164 0.109392
139 176 -0.0399372
140 115 -0.0107025
140 116 -0.27663
140 117 -0.00637263
140 118 -0.0836171
140 128 -0.178135
140 140 1.56898
140 141 0.0627522
140 142 -0.452905
140 152 -0.128644
140 154 0.0627522
140 155 -0.176741
140 165 -0.380734
141 101 -0.144583
141 115 -0.0710474
141 116 0.0542773
141 136 -0.11696
141 137 0.026989
141 140 0.0627522
141 141 0.768745
141 142 -0.355759
141 146 -0.00182399
141 152 -0.12537
141 163 -0.056622
141 193 -0.0405977
142 101 0.0754207
142 110 -0.271738
142 116 0.0204778
142 118 0.02179
142 135 -0.120209
142 136 -0.0675082
142 140 -0.452905
142 141 -0.355759
142 142 1.93195
142 145 -0.355759
142 146 -0.0812467
142 152 0.0643142
142 155 0.0401579
142 161 -0.0761468
142 163 0.0367548
142 165 0.293417
142 192 -0.474615
142 193 -0.0594732
142 209 -0.0877251
142 217 -0.0811955
143 102 -0.0185531
143 119 -0.0951157
143 129 -0.0116759
143 143 0.287107
143 156 -0.112979
143 166 -0.0302305
143 177 -0.0185531
144 95 0.141034
144 105 0.141034
144 106 -0.168654
144 107 -0.159943
144 111 -0.222591
144 112 -0.168654
144 125 -0.145429
144 126 -0.102555
144 135 -0.102555
144 144 1.58096
144 145 -0.145429
144 148 -0.0709888
144 159 -0.0283159
144 161 -0.277587
144 162 -0.234914
144 185 -0.0163445
144 188 -0.019066
145 109 -0.0585458
145 110 0.0431445
145 111 -0.101009
145 118 -0.0388438
145 120 0.0865883
145 121 0.0324346
145 126 -0.062051
145 135 -0.0412744
145 142 -0.355759
145 144 -0.145429
145 145 1.76729
145 155 -0.321166
145 157 -0.345834
145 161 -0.117465
145 162 -0.117465
145 188 -0.220326
145 189 0.0668974
145 192 0.0661313
145 195 0.0650805
145 209 0.0668974
145 216 -0.0440052
145 217 -0.112749
145 219 -0.112541
146 133 -0.0817686
146 134 -0.10807
146 136 -0.104007
146 137 -0.156956
146 141 -0.00182399
146 142 -0.0812467
146 146 1.37943
146 160 -0.00182399
146 161 -0.348125
146 163 -0.516533
146 175 0.0209203
147 103 0.00491954
147 133 -0.180975
147 137 0.0260102
147 147 0.309213
147 163 -0.0864223
147 175 -0.0776653
147 186 0.00491954
148 112 -0.0327822
148 113 -0.128447
148 125 -0.1248
148 127 0.00475504
148 131 0.00949592
148 144 -0.0709888
148 148 0.70857
148 149 -0.1248
148 162 -0.148394
148 185 -0.158888
148 187 -0.0308694
148 188 0.0971493
149 127 -0.158378
149 131 0.0302056
149 138 -0.00182399
149 148 -0.1248
149 149 0.608007
149 162 -0.117465
149 164 -0.174007
149 187 -0.0617389
150 100 0.00491954
150 127 -0.0746244
150 139 -0.0803406
150 150 0.309213
150 164 -0.184016
150 176 0.0199286
150 190 0.00491954
151 114 -0.0210755
151 115 -0.0155831
151 128 -0.0914022
151 151 0.292705
151 152 -0.118021
151 165 -0.0255483
151 191 -0.0210755
152 115 -0.104358
152 128 0.0822627
152 140 -0.128644
152 141 -0.12537
152 142 0.0643142
152 151 -0.118021
152 152 0.855579
152 165 -0.0167629
152 191 -0.12537
152 192 -0.262893
152 193 -0.0818067
152 248 -0.0389311
153 119 -0.157361
153 122 -0.120825
153 129 -0.0600642
153 132 -0.182149
153 153 1.59019
153 154 0.0570085
153 155 -0.110999
153 156 -0.440425
153 157 -0.57465
153 158 0.0570085
153 166 -0.0577357
154 117 -0.144246
154 128 -0.00535123
154 129 -0.015004
154 132 -0.11046
154 140 0.0627522
154 153 0.0570085
154 154 0.738328
154 155 -0.321166
154 156 -0.105131
154 165 -0.098169
154 194 -0.0585606
155 109 -0.146986
155 117 0.00113981
155 118 -0.213053
155 132 -0.00296274
155 140 -0.176741
155 142 0.0401579
155 145 -0.321166
155 153 -0.110999
155 154 -0.321166
155 155 1.75443
155 156 -0.02822
155 157 -0.0307145
155 165 0.0624676
155 192 -0.129667
155 194 -0.110554
155 195 -0.185141
155 215 0.12544
155 216 -0.206262
156 119 0.083813
156 129 -0.0975658
156 143 -0.112979
156 153 -0.440425
156 154 -0.105131
156 155 -0.02822
156 156 1.09867
156 157 0.27878
156 166 -0.023177
156 177 -0.105131
156 194 -0.0151871
156 195 -0.387901
156 215 -0.145549
157 109 -0.109754
157 121 -0.284849
157 122 -0.0289791
157 123 0.0707374
157 126 -0.180358
157 130 -0.00735947
157 132 0.195771
157 138 -0.343564
157 145 -0.345834
157 153 -0.57465
157 155 -0.0307145
157 156 0.27878
157 157 2.47814
157 158 -0.345834
157 162 -0.0410014
157 164 0.227171
157 166 -0.0198957
157 176 -0.0367929
157 189 -0.241349
157 195 -0.518998
157 218 0.145473
157 219 -0.210988
157 220 -0.0751539
158 119 -0.0739253
158 122 0.0611751
158 123 -0.150796
158 130 -0.11696
158 138 -0.00182399
158 139 0.026989
158 153 0.0570085
158 157 -0.345834
158 158 0.761413
158 166 -0.120027
158 176 -0.056622
158 220 -0.0405977
159 106 -0.0327822
159 124 -0.128447
159 125 -0.1248
159 133 0.00475505
159 134 0.00949592
159 144 -0.0283159
159 159 0.61142
159 160 -0.1248
159 161 -0.0939179
159 185 -0.104412
159 210 0.0118035
160 133 -0.158378
160 134 0.0302056
160 146 -0.00182399
160 159 -0.1248
160 160 0.608007
160 161 -0.117465
160 175 -0.174007
160 210 -0.0617389
161 106 0.0305914
161 134 -0.0840097
161 135 -0.17727
161 136 0.148068
161 142 -0.0761468
161 144 -0.277587
161 145 -0.117465
161 146 -0.348125
161 159 -0.0939179
161 160 -0.117465
161 161 1.61149
161 163 0.177165
161 175 0.0751512
161 185 -0.0118035
161 188 -0.166151
161 209 -0.494446
161 210 -0.0780833
162 112 0.0305914
162 126 -0.0893514
162 131 -0.0238609
162 138 -0.0580378
162 144 -0.234914
162 145 -0.117465
162 148 -0.148394
162 149 -0.117465
162 157 -0.0410014
162 162 1.29807
162 164 0.0501478
162 187 -0.0354104
162 188 -0.220627
162 189 -0.292278
163 133 0.10331
163 137 -0.0368964
163 141 -0.056622
163 142 0.0367548
163 146 -0.516533
163 147 -0.0864223
163 161 0.177165
163 163 0.989724
163 175 -0.0629876
163 186 -0.056622
163 193 -0.106061
163 209 -0.342544
163 245 -0.0422644
164 127 -0.0399372
164 138 -0.287599
164 139 0.109392
164 149 -0.174007
164 150 -0.184016
164 157 0.227171
164 162 0.0501478
164 164 1.02614
164 176 -0.0910318
164 187 -0.0308694
164 189 -0.369646
164 190 -0.174007
164 246 -0.0617389
165 128 -0.104358
165 140 -0.380734
165 142 0.293417
165 151 -0.0255483
165 152 -0.0167629
165 154 -0.098169
165 155 0.0624676
165 165 1.04422
165 191 -0.098169
165 192 -0.501869
165 194 -0.113784
165 249 -0.0607126
166 119 -0.0975658
166 143 -0.0302305
166 153 -0.0577357
166 156 -0.023177
166 157 -0.0198957
166 158 -0.120027
166 166 0.754905
166 177 -0.120027
166 195 -0.165508
166 218 -0.120179
166 220 -0.0005585
167 167 0.533038
167 168 -0.0287057
167 169 -0.0710129
167 170 -0.109867
167 179 0.0394794
167 180 -0.0710985
167 181 -0.0232758
167 198 0.00542964
167 206 -0.0376953
167 207 -0.126426
167 208 -0.109867
168 167 -0.0287057
168 168 0.238788
168 169 -0.0846105
168 170 0.00794912
168 181 -0.122952
168 182 0.00794912
168 183 -0.0184175
169 167 -0.0710129
169 168 -0.0846105
169 169 0.585073
169 170 -0.00793592
169 179 -0.165634
169 181 0.0942464
169 183 -0.0232758
169 206 -0.281793
169 235 -0.037121
169 260 -0.00793592
170 167 -0.109867
170 168 0.00794912
170 169 -0.00793592
170 170 0.257397
170 179 -0.115605
170 180 0.00542964
170 200 -0.0437792
170 201 0.00641054
171 171 0.307353
171 172 0.00463634
171 173 -0.130655
171 174 -0.0570455
171 178 0.0027699
171 199 -0.155276
171 211 0.0244989
171 212 0.00371822
172 171 0.00463634
172 172 0.258945
172 173 -0.0134275
172 174 -0.094841
172 181 -0.094841
172 182 0.00463634
172 184 -0.00927268
172 196 -0.0558353
173 171 -0.130655
173 172 -0.0134275
173 173 1.11285
173 174 -0.0968503
173 178 -0.124215
173 184 -0.222587
173 196 0.00927268
173 198 0.112172
173 199 -0.0179677
173 211 -0.176841
173 224 -0.115905
173 225 0.136258
173 226 0.1826
173 237 -0.130655
173 255 -0.519923
173 265 -0.00412665
174 171 -0.0570455
174 172 -0.094841
174 173 -0.0968503
174 174 0.478426
174 178 -0.0517008
174 181 0.00927268
174 184 -0.0602207
174 198 -0.0699952
174 208 -0.0570455
175 133 -0.0368964
175 146 0.0209203
175 147 -0.0776653
175 160 -0.174007
175 161 0.0751512
175 163 -0.0629876
175 175 0.689577
175 186 -0.174007
175 209 -0.167478
175 210 -0.0308694
175 244 -0.0617389
176 138 -0.208014
176 139 -0.0399372
176 150 0.0199286
176 157 -0.0367929
176 158 -0.056622
176 164 -0.0910318
176 176 0.742166
176 189 -0.124748
176 190 -0.056622
176 219 0.0329164
176 220 -0.0904333
176 247 -0.0908087
177 143 -0.0185531
177 156 -0.105131
177 166 -0.120027
177 177 0.374932
177 195 0.0650805
177 215 -0.0931858
177 218 -0.0823341
177 267 -0.0207815
178 171 0.0027699
178 173 -0.124215
178 174 -0.0517008
178 178 0.582679
178 198 -0.127746
178 199 -0.0396582
178 224 -0.0328559
178 225 -0.212044
178 238 0.0027699
179 167 0.0394794
179 169 -0.165634
179 170 -0.115605
179 179 0.717257
179 180 0.00542964
179 200 -0.0365014
179 201 -0.0209655
179 206 0.122021
179 207 -0.284691
179 230 0.0128211
179 232 -0.149588
179 235 -0.0192778
179 236 0.0108593
179 259 -0.115605
180 167 -0.0710985
180 170 0.00542964
180 179 0.00542964
180 180 0.567078
180 198 -0.125851
180 200 -0.125851
180 207 -0.0601818
180 232 0.0493225
180 236 -0.178609
180 238 0.00542964
180 258 -0.0710985
181 167 -0.0232758
181 168 -0.122952
181 169 0.0942464
181 172 -0.094841
181 174 0.00927268
181 181 0.598498
181 182 -0.0897979
181 183 -0.0801706
181 184 0.000229894
181 196 -0.0609921
181 206 -0.14042
181 208 -0.0897979
182 168 0.00794912
182 172 0.00463634
182 181 -0.0897979
182 182 0.139429
182 183 -0.0444746
182 196 -0.0149608
182 197 -0.00278089
183 168 -0.0184175
183 169 -0.0232758
183 181 -0.0801706
183 182 -0.0444746
183 183 0.510487
183 196 -0.087559
183 197 -0.0541603
183 206 -0.142183
183 223 -0.0459659
183 254 0.0301945
183 260 -0.0444746
184 172 -0.00927268
184 173 -0.222587
184 174 -0.0602207
184 181 0.000229894
184 184 1.23525
184 196 -0.208318
184 198 -0.00813956
184 206 -0.135163
184 208 -0.125477
184 224 -0.234652
184 237 -0.125477
184 254 -0.0933037
184 262 -0.0338709
184 263 0.0209984
185 125 0.0118035
185 144 -0.0163445
185 148 -0.158888
185 159 -0.104412
185 161 -0.0118035
185 185 0.547485
185 187 -0.0617389
185 188 -0.113494
185 210 -0.104412
185 266 0.0118035
186 147 0.00491954
186 163 -0.056622
186 175 -0.174007
186 186 0.505217
186 209 0.0668974
186 240 0.00371822
186 242 -0.0627858
186 243 -0.0859326
186 244 -0.116148
186 245 -0.0852572
187 148 -0.0308694
187 149 -0.0617389
187 162 -0.0354104
187 164 -0.0308694
187 185 -0.0617389
187 187 0.547485
187 188 -0.13256
187 189 0.0263285
187 246 -0.158888
187 266 -0.0617389
188 144 -0.019066
188 145 -0.220326
188 148 0.0971493
188 161 -0.166151
188 162 -0.220627
188 185 -0.113494
188 187 -0.13256
188 188 1.55706
188 189 -0.182974
188 209 -0.140276
188 210 -0.0898868
188 217 -0.113985
188 219 0.012377
188 244 0.0298869
188 246 0.0725849
188 266 -0.220326
188 288 -0.137873
188 311 -0.011511
189 145 0.0668974
189 157 -0.241349
189 162 -0.292278
189 164 -0.369646
189 176 -0.124748
189 187 0.0263285
189 188 -0.182974
189 189 1.4876
189 190 0.0668974
189 219 -0.167909
189 246 -0.166403
189 247 -0.0063776
189 288 -0.0960411
190 150 0.00491954
190 164 -0.174007
190 176 -0.056622
190 189 0.0668974
190 190 0.505217
190 212 0.00371822
190 213 -0.0859326
190 214 -0.0627858
190 246 -0.116148
190 247 -0.0852572
191 151 -0.0210755
191 152 -0.12537
191 165 -0.098169
191 191 0.376434
191 192 0.0661313
191 248 -0.0830037
191 249 -0.0937228
191 268 -0.021225
192 142 -0.474615
192 145 0.0661313
192 152 -0.262893
192 155 -0.129667
192 165 -0.501869
192 191 0.0661313
192 192 1.80364
192 193 0.0170233
192 194 0.0642795
192 216 -0.252706
192 217 -0.208753
192 248 -0.0918188
192 249 -0.10035
192 269 0.00546249
193 141 -0.0405977
193 142 -0.0594732
193 152 -0.0818067
193 163 -0.106061
193 192 0.0170233
193 193 0.753047
193 209 0.0641722
193 217 -0.313607
193 245 -0.0826352
193 248 -0.109464
193 294 -0.0405977
194 154 -0.0585606
194 155 -0.110554
194 156 -0.0151871
194 165 -0.113784
194 192 0.0642795
194 194 0.714393
194 215 -0.139082
194 216 -0.19052
194 249 -0.0924253
194 300 -0.0585606
195 145 0.0650805
195 155 -0.185141
195 156 -0.387901
195 157 -0.518998
195 166 -0.165508
195 177 0.0650805
195 195 1.68733
195 215 -0.196969
195 216 -0.0869833
195 218 -0.0868343
195 219 -0.189153
196 172 -0.0558353
196 173 0.00927268
196 181 -0.0609921
196 182 -0.0149608
196 183 -0.087559
196 184 -0.208318
196 196 0.638051
196 197 -0.119808
196 206 0.0387799
196 221 -0.0459659
196 223 0.0752464
196 237 -0.0149608
196 254 -0.15295
197 182 -0.00278089
197 183 -0.0541603
197 196 -0.119808
197 197 0.260134
197 221 0.0165371
197 222 -0.00278089
197 223 -0.0971401
198 167 0.00542964
198 173 0.112172
198 174 -0.0699952
198 178 -0.127746
198 180 -0.125851
198 184 -0.00813956
198 198 1.63444
198 206 0.158434
198 207 0.00674681
198 208 -0.394961
198 224 -0.490655
198 236 0.110193
198 238 -0.394961
198 261 -0.41816
198 262 0.323598
198 263 -0.381221
198 264 0.0606775
199 171 -0.155276
199 173 -0.0179677
199 178 -0.0396582
199 199 0.64584
199 211 -0.0118955
199 212 -0.101615
199 214 0.00743644
199 225 -0.0459101
199 226 -0.014085
199 255 -0.111593
199 256 -0.155276
200 170 -0.0437792
200 179 -0.0365014
200 180 -0.125851
200 200 0.457687
200 201 -0.0784899
200 231 0.0128211
200 232 -0.147538
200 258 0.00542964
200 281 -0.0437792
201 170 0.00641054
201 179 -0.0209655
201 200 -0.0784899
201 201 0.236178
201 228 0.00641054
201 230 -0.0582329
201 231 -0.0784899
201 232 -0.0128211
202 202 0.68182
202 203 -0.0240852
202 204 -0.0134275
202 205 -0.130655
202 229 0.00927268
202 233 0.0027699
202 234 -0.183179
202 239 0.0213057
202 241 0.0151661
202 275 -0.240339
202 278 0.0055398
202 282 -0.130655
202 286 -0.0135332
203 202 -0.0240852
203 203 0.478426
203 204 -0.094841
203 205 -0.0570455
203 231 0.00927268
203 233 -0.124466
203 234 -0.132986
203 258 0.0027699
203 281 -0.0570455
204 202 -0.0134275
