1861 1861 41611
0 0 0.000793651
0 1 0.000198413
0 2 0.000198413
0 3 0.000396825
0 4 0.000396825
0 5 9.92063e-05
0 6 -9.92063e-05
0 7 -9.92063e-05
0 8 -7.44048e-05
0 9 -0.00014881
0 43 0.000198413
0 44 0.000198413
0 45 9.92063e-05
0 46 -7.44048e-05
1 0 0.000198413
1 1 0.00155431
1 2 0.000198413
1 3 9.92063e-05
1 4 0.000485279
1 5 0.000485279
1 6 -7.44048e-05
1 7 -0.000194289
1 8 -0.000194289
1 9 -0.00018198
1 38 0.000143433
1 39 0.000578743
1 42 -0.000217029
1 47 0.000578743
1 89 0.000291877
1 90 0.000145939
1 91 0.000291877
1 92 -0.000109454
2 0 0.000198413
2 1 0.000198413
2 2 0.000396825
2 3 0.000198413
2 4 9.92063e-05
2 5 0.000198413
2 6 -4.96032e-05
2 7 -7.44048e-05
2 8 -4.96032e-05
2 9 -7.44048e-05
3 0 0.000396825
3 1 9.92063e-05
3 2 0.000198413
3 3 0.0015873
3 4 0.000396825
3 5 0.000198413
3 6 -0.000198413
3 7 -0.00014881
3 8 -7.44048e-05
3 9 -0.000198413
3 43 9.92063e-05
3 44 0.000595238
3 45 0.000595238
3 46 -0.000223214
3 75 -0.00014881
3 85 0.000396825
3 86 0.000396825
3 87 0.000198413
4 0 0.000396825
4 1 0.000485279
4 2 9.92063e-05
4 3 0.000396825
4 4 0.00194112
4 5 0.000485279
4 6 -0.00014881
4 7 -0.00024264
4 8 -0.00018198
4 9 -0.00024264
4 38 0.000573733
4 39 0.000143433
4 42 -0.00021515
4 43 0.000485279
4 44 9.92063e-05
4 45 0.000485279
4 46 -0.00018198
4 47 0.000573733
4 88 0.000143433
5 0 9.92063e-05
5 1 0.000485279
5 2 0.000198413
5 3 0.000198413
5 4 0.000485279
5 5 0.00153427
5 6 -7.44048e-05
5 7 -0.00018198
5 8 -0.000191784
5 9 -0.000191784
5 36 0.000281856
5 37 0.000281856
5 38 0.000568722
5 39 0.000568722
5 40 0.000140928
5 41 -0.000105696
5 42 -0.000213271
5 47 0.000143433
6 0 -9.92063e-05
6 1 -7.44048e-05
6 2 -4.96032e-05
6 3 -0.000198413
6 4 -0.00014881
6 5 -7.44048e-05
6 6 0.000595238
6 7 2.48016e-05
6 8 1.24008e-05
6 9 4.96032e-05
6 10 -7.44048e-05
6 11 -0.00014881
6 12 -7.44048e-05
6 13 -4.96032e-05
6 14 -0.000198413
6 15 -9.92063e-05
6 16 1.24008e-05
6 17 4.96032e-05
6 18 2.48016e-05
6 43 -7.44048e-05
6 44 -0.000297619
6 45 -0.000223214
6 46 7.44048e-05
6 54 -0.000223214
6 55 -7.44048e-05
6 75 4.96032e-05
6 85 -0.00014881
6 86 -0.000198413
6 87 -0.000297619
6 95 -0.00014881
7 0 -9.92063e-05
7 1 -0.000194289
7 2 -7.44048e-05
7 3 -0.00014881
7 4 -0.00024264
7 5 -0.00018198
7 6 2.48016e-05
7 7 0.000582867
7 8 4.85723e-05
7 9 6.06599e-05
7 38 -0.00021515
7 39 -0.000217029
7 42 7.23429e-05
7 43 -0.000194289
7 44 -7.44048e-05
7 45 -0.00018198
7 46 4.85723e-05
7 47 -0.000289372
7 88 -0.000217029
7 89 -0.000109454
7 90 -0.000218908
7 91 -0.000145939
7 92 3.64846e-05
7 117 -0.000109454
8 0 -7.44048e-05
8 1 -0.000194289
8 2 -4.96032e-05
8 3 -7.44048e-05
8 4 -0.00018198
8 5 -0.000191784
8 6 1.24008e-05
8 7 4.85723e-05
8 8 0.00039713
8 9 4.79459e-05
8 36 -7.0464e-05
8 37 -0.000105696
8 38 -0.000213271
8 39 -0.00021515
8 40 -0.000105696
8 41 1.7616e-05
8 42 5.37875e-05
8 47 -0.000217029
8 89 -7.29693e-05
8 90 -0.000109454
8 91 -0.000109454
8 92 1.82423e-05
9 0 -0.00014881
9 1 -0.00018198
9 2 -7.44048e-05
9 3 -0.000198413
9 4 -0.00024264
9 5 -0.000191784
9 6 4.96032e-05
9 7 6.06599e-05
9 8 4.79459e-05
9 9 0.000939311
9 36 -0.000105696
9 37 -0.000140928
9 38 -0.000427794
9 39 -0.000213271
9 40 -0.000211392
9 41 3.5232e-05
9 42 0.000106949
9 43 -0.00018198
9 44 -0.000223214
9 45 -0.000363959
9 46 9.09898e-05
9 47 -0.00021515
9 75 7.82759e-05
9 83 -0.000105696
9 84 -0.000320846
9 85 -0.000313104
9 86 -0.00014881
9 87 -0.000363959
9 88 -0.000322725
10 6 -7.44048e-05
10 10 0.00153427
10 11 0.000485279
10 12 0.000485279
10 13 0.000198413
10 14 0.000198413
10 15 9.92063e-05
10 16 -0.000191784
10 17 -0.000191784
10 18 -0.00018198
10 35 -0.000105696
10 48 0.000140928
10 49 0.000568722
10 50 0.000281856
10 51 0.000281856
10 52 0.000568722
10 53 -0.000213271
10 56 0.000143433
11 6 -0.00014881
11 10 0.000485279
11 11 0.00194112
11 12 0.000485279
11 13 9.92063e-05
11 14 0.000396825
11 15 0.000396825
11 16 -0.00018198
11 17 -0.00024264
11 18 -0.00024264
11 44 9.92063e-05
11 46 -0.00018198
11 49 0.000143433
11 52 0.000573733
11 53 -0.00021515
11 54 0.000485279
11 55 0.000485279
11 56 0.000573733
11 96 0.000143433
12 6 -7.44048e-05
12 10 0.000485279
12 11 0.000485279
12 12 0.00155431
12 13 0.000198413
12 14 9.92063e-05
12 15 0.000198413
12 16 -0.000194289
12 17 -0.00018198
12 18 -0.000194289
12 49 0.000578743
12 52 0.000143433
12 53 -0.000217029
12 56 0.000578743
12 97 0.000145939
12 98 0.000291877
12 99 0.000291877
12 100 -0.000109454
13 6 -4.96032e-05
13 10 0.000198413
13 11 9.92063e-05
13 12 0.000198413
13 13 0.000396825
13 14 0.000198413
13 15 0.000198413
13 16 -4.96032e-05
13 17 -7.44048e-05
13 18 -7.44048e-05
14 6 -0.000198413
14 10 0.000198413
14 11 0.000396825
14 12 9.92063e-05
14 13 0.000198413
14 14 0.0015873
14 15 0.000396825
14 16 -7.44048e-05
14 17 -0.000198413
14 18 -0.00014881
14 44 0.000595238
14 46 -0.000223214
14 54 0.000595238
14 55 9.92063e-05
14 75 -0.00014881
14 86 0.000396825
14 87 0.000198413
14 95 0.000396825
15 6 -9.92063e-05
15 10 9.92063e-05
15 11 0.000396825
15 12 0.000198413
15 13 0.000198413
15 14 0.000396825
15 15 0.000793651
15 16 -7.44048e-05
15 17 -0.00014881
15 18 -9.92063e-05
15 44 0.000198413
15 46 -7.44048e-05
15 54 9.92063e-05
15 55 0.000198413
16 6 1.24008e-05
16 10 -0.000191784
16 11 -0.00018198
16 12 -0.000194289
16 13 -4.96032e-05
16 14 -7.44048e-05
16 15 -7.44048e-05
16 16 0.00039713
16 17 4.79459e-05
16 18 4.85723e-05
16 35 1.7616e-05
16 48 -0.000105696
16 49 -0.00021515
16 50 -7.0464e-05
16 51 -0.000105696
16 52 -0.000213271
16 53 5.37875e-05
16 56 -0.000217029
16 97 -0.000109454
16 98 -7.29693e-05
16 99 -0.000109454
16 100 1.82423e-05
17 6 4.96032e-05
17 10 -0.000191784
17 11 -0.00024264
17 12 -0.00018198
17 13 -7.44048e-05
17 14 -0.000198413
17 15 -0.00014881
17 16 4.79459e-05
17 17 0.000939311
17 18 6.06599e-05
17 35 3.5232e-05
17 44 -0.000223214
17 46 9.09898e-05
17 48 -0.000211392
17 49 -0.000213271
17 50 -0.000105696
17 51 -0.000140928
17 52 -0.000427794
17 53 0.000106949
17 54 -0.000363959
17 55 -0.00018198
17 56 -0.00021515
17 73 -0.000105696
17 75 7.82759e-05
17 86 -0.00014881
17 87 -0.000363959
17 93 -0.000320846
17 95 -0.000313104
17 96 -0.000322725
18 6 2.48016e-05
18 10 -0.00018198
18 11 -0.00024264
18 12 -0.000194289
18 13 -7.44048e-05
18 14 -0.00014881
18 15 -9.92063e-05
18 16 4.85723e-05
18 17 6.06599e-05
18 18 0.000582867
18 44 -7.44048e-05
18 46 4.85723e-05
18 49 -0.000217029
18 52 -0.00021515
18 53 7.23429e-05
18 54 -0.00018198
18 55 -0.000194289
18 56 -0.000289372
18 96 -0.000217029
18 97 -0.000218908
18 98 -0.000109454
18 99 -0.000145939
18 100 3.64846e-05
18 120 -0.000109454
19 19 0.00179172
19 20 0.000647071
19 21 0.000647071
19 22 0.000281966
19 23 0.000281966
19 24 0.000140983
19 25 -0.000223966
19 26 -0.000223966
19 27 -0.000242651
19 28 -0.000105737
19 29 0.000613896
19 30 0.000124396
19 31 0.000248792
19 32 0.000613896
19 33 0.000248792
19 34 -0.000230211
19 35 -9.32969e-05
19 80 0.000182552
20 19 0.000647071
20 20 0.00204819
20 21 0.000647071
20 22 0.000140983
20 23 0.000281966
20 24 0.000281966
20 25 -0.000242651
20 26 -0.000256023
20 27 -0.000256023
20 28 -0.000105737
20 29 0.000742127
20 32 0.000182552
20 34 -0.000278298
20 80 0.000742127
20 111 0.000377023
20 112 0.000188511
20 113 0.000377023
20 114 -0.000141384
21 19 0.000647071
21 20 0.000647071
21 21 0.00258828
21 22 0.000563933
21 23 0.000140983
21 24 0.000563933
21 25 -0.000323535
21 26 -0.000242651
21 27 -0.000323535
21 28 -0.000211475
21 29 0.000182552
21 32 0.000730208
21 34 -0.000273828
21 72 0.000182552
21 74 0.000647071
21 75 -0.000242651
21 77 0.000140983
21 79 0.000647071
21 80 0.000730208
22 19 0.000281966
22 20 0.000140983
22 21 0.000563933
22 22 0.00112787
22 23 0.000281966
22 24 0.000563933
22 25 -0.000140983
22 26 -0.000105737
22 27 -0.000211475
22 28 -0.000140983
22 74 0.000281966
22 75 -0.000105737
22 77 0.000281966
22 79 0.000140983
23 19 0.000281966
23 20 0.000281966
23 21 0.000140983
23 22 0.000281966
23 23 0.000563933
23 24 0.000281966
23 25 -0.000105737
23 26 -7.04916e-05
23 27 -0.000105737
23 28 -7.04916e-05
24 19 0.000140983
24 20 0.000281966
24 21 0.000563933
24 22 0.000563933
24 23 0.000281966
24 24 0.00179032
24 25 -0.000211475
24 26 -0.000105737
24 27 -0.00022379
24 28 -0.00022379
24 68 0.000331227
24 71 -0.00012421
24 74 0.000140983
24 75 -0.000229947
24 76 0.000165613
24 77 0.000613193
24 79 0.000613193
24 110 0.000331227
25 19 -0.000223966
25 20 -0.000242651
25 21 -0.000323535
25 22 -0.000140983
25 23 -0.000105737
25 24 -0.000211475
25 25 0.000671897
25 26 5.59914e-05
25 27 8.08838e-05
25 28 3.52458e-05
25 29 -0.000230211
25 30 -0.000186594
25 31 -9.32969e-05
25 32 -0.000306948
25 33 -0.000124396
25 34 7.6737e-05
25 35 3.1099e-05
25 72 -0.000230211
25 73 -9.32969e-05
25 74 -0.000223966
25 75 5.59914e-05
25 77 -0.000105737
25 79 -0.000242651
25 80 -0.000273828
26 19 -0.000223966
26 20 -0.000256023
26 21 -0.000242651
26 22 -0.000105737
26 23 -7.04916e-05
26 24 -0.000105737
26 25 5.59914e-05
26 26 0.000477332
26 27 6.40058e-05
26 28 1.76229e-05
26 29 -0.00024773
26 30 -9.32969e-05
26 31 -6.21979e-05
26 32 -0.000230211
26 33 -9.32969e-05
26 34 6.19324e-05
26 35 1.55495e-05
26 80 -0.000278298
26 111 -9.42557e-05
26 112 -0.000141384
26 113 -0.000141384
26 114 2.35639e-05
27 19 -0.000242651
27 20 -0.000256023
27 21 -0.000323535
27 22 -0.000211475
27 23 -0.000105737
27 24 -0.00022379
27 25 8.08838e-05
27 26 6.40058e-05
27 27 0.00235285
27 28 5.59475e-05
27 29 -0.000278298
27 32 -0.000273828
27 34 0.000193375
27 68 -0.00012421
27 71 9.51194e-05
27 72 -0.000560568
27 74 -0.000242651
27 75 0.000180172
27 76 -0.000414725
27 77 -0.000229947
27 79 -0.000720687
27 80 -0.000773501
27 107 -0.000446506
27 108 -0.00071417
27 109 0.000214411
27 110 -0.000380477
27 111 -0.000141384
27 112 -0.000280226
27 113 -0.000304581
27 114 7.61454e-05
27 118 -0.000606198
27 125 -0.000857643
27 126 -0.000321386
27 127 -0.000315489
27 128 -0.000487862
27 129 0.000121966
27 140 -0.000416305
27 147 -0.000155991
27 150 9.43996e-05
27 151 -0.000377599
27 152 -0.000389752
27 153 -0.000410407
27 154 -0.000176646
28 19 -0.000105737
28 20 -0.000105737
28 21 -0.000211475
28 22 -0.000140983
28 23 -7.04916e-05
28 24 -0.00022379
28 25 3.52458e-05
28 26 1.76229e-05
28 27 5.59475e-05
28 28 0.000522614
28 59 -9.34644e-05
28 63 1.55774e-05
28 65 3.11548e-05
28 66 -0.000124619
28 67 -6.23096e-05
28 68 -0.000207426
28 69 -0.000186929
28 70 -9.34644e-05
28 71 5.18565e-05
28 74 -0.000105737
28 75 5.3902e-05
28 76 -0.000217674
28 77 -0.000215608
28 78 -9.34644e-05
28 79 -0.000229947
28 110 -0.00012421
29 19 0.000613896
29 20 0.000742127
29 21 0.000182552
29 25 -0.000230211
29 26 -0.00024773
29 27 -0.000278298
29 29 0.00198184
29 30 0.000248792
29 31 0.000248792
29 32 0.000613896
29 33 0.000124396
29 34 -0.00024773
29 35 -9.32969e-05
29 80 0.000742127
29 111 0.000377023
29 112 0.000377023
29 113 0.000188511
29 114 -0.000141384
30 19 0.000124396
30 25 -0.000186594
30 26 -9.32969e-05
30 29 0.000248792
30 30 0.00165749
30 31 0.000248792
30 32 0.000497583
30 33 0.000497583
30 34 -0.000207186
30 35 -0.000207186
30 48 0.00033116
30 53 -0.000124185
30 72 0.000579952
30 73 0.000579952
30 74 0.000124396
30 75 -0.000217482
30 93 0.00016558
30 94 0.00033116
31 19 0.000248792
31 25 -9.32969e-05
31 26 -6.21979e-05
31 29 0.000248792
31 30 0.000248792
31 31 0.000497583
31 32 0.000124396
31 33 0.000248792
31 34 -9.32969e-05
31 35 -6.21979e-05
32 19 0.000613896
32 20 0.000182552
32 21 0.000730208
32 25 -0.000306948
32 26 -0.000230211
32 27 -0.000273828
32 29 0.000613896
32 30 0.000497583
32 31 0.000124396
32 32 0.00245558
32 33 0.000497583
32 34 -0.000306948
32 35 -0.000186594
32 72 0.000613896
32 73 0.000124396
32 74 0.000613896
32 75 -0.000230211
32 79 0.000182552
32 80 0.000730208
33 19 0.000248792
33 25 -0.000124396
33 26 -9.32969e-05
33 29 0.000124396
33 30 0.000497583
33 31 0.000248792
33 32 0.000497583
33 33 0.000995167
33 34 -0.000186594
33 35 -0.000124396
33 72 0.000124396
33 73 0.000248792
33 74 0.000248792
33 75 -9.32969e-05
34 19 -0.000230211
34 20 -0.000278298
34 21 -0.000273828
34 25 7.6737e-05
34 26 6.19324e-05
34 27 0.000193375
34 29 -0.00024773
34 30 -0.000207186
34 31 -9.32969e-05
34 32 -0.000306948
34 33 -0.000186594
34 34 0.00188311
34 35 5.17965e-05
34 48 -0.000124185
34 53 8.93779e-05
34 72 -0.000700832
34 73 -0.000217482
34 74 -0.000230211
34 75 0.000175208
34 79 -0.000560568
34 80 -0.000773501
34 93 -0.000397382
34 94 -0.000357512
34 108 -0.000696851
34 109 0.000169713
34 111 -0.000141384
34 112 -0.000186817
34 113 -0.000280226
34 114 4.67043e-05
34 118 -0.000678854
34 119 -0.000412082
34 125 -0.000606198
34 126 -0.000306847
34 127 -0.000138842
34 128 -0.000321386
34 129 7.67119e-05
34 139 -0.000138885
34 140 -0.000321429
35 10 -0.000105696
35 16 1.7616e-05
35 17 3.5232e-05
35 19 -9.32969e-05
35 25 3.1099e-05
35 26 1.55495e-05
35 29 -9.32969e-05
35 30 -0.000207186
35 31 -6.21979e-05
35 32 -0.000186594
35 33 -0.000124396
35 34 5.17965e-05
35 35 0.000522171
35 48 -0.000223718
35 49 -0.000105696
35 50 -7.0464e-05
35 51 -0.000140928
35 52 -0.000211392
35 53 5.59295e-05
35 72 -0.000217482
35 73 -0.000215452
35 74 -9.32969e-05
35 75 5.3863e-05
35 93 -0.000229881
35 94 -0.000124185
35 95 -0.000105696
36 5 0.000281856
36 8 -7.0464e-05
36 9 -0.000105696
36 36 0.000563712
36 37 0.000281856
36 38 0.000140928
36 39 0.000281856
36 40 0.000281856
36 41 -7.0464e-05
36 42 -0.000105696
37 5 0.000281856
37 8 -0.000105696
37 9 -0.000140928
37 36 0.000281856
37 37 0.00112742
37 38 0.000563712
37 39 0.000140928
37 40 0.000563712
37 41 -0.000140928
37 42 -0.000211392
37 75 -0.000105696
37 83 0.000281856
37 84 0.000140928
37 85 0.000281856
38 1 0.000143433
38 4 0.000573733
38 5 0.000568722
38 7 -0.00021515
38 8 -0.000213271
38 9 -0.000427794
38 36 0.000140928
38 37 0.000563712
38 38 0.00342236
38 39 0.000568722
38 40 0.000563712
38 41 -0.000211392
38 42 -0.000427794
38 43 0.000143433
38 45 0.000860599
38 46 -0.000322725
38 47 0.000573733
38 75 -0.000320846
38 83 0.000140928
38 84 0.000855589
38 85 0.000855589
38 87 0.000286866
38 88 0.000860599
39 1 0.000578743
39 4 0.000143433
39 5 0.000568722
39 7 -0.000217029
39 8 -0.00021515
39 9 -0.000213271
39 36 0.000281856
39 37 0.000140928
39 38 0.000568722
39 39 0.0017212
39 40 0.000281856
39 41 -0.000105696
39 42 -0.00021515
39 47 0.000578743
39 89 0.000291877
39 90 0.000291877
39 91 0.000145939
39 92 -0.000109454
40 5 0.000140928
40 8 -0.000105696
40 9 -0.000211392
40 36 0.000281856
40 37 0.000563712
40 38 0.000563712
40 39 0.000281856
40 40 0.0020223
40 41 -0.000252787
40 42 -0.000252787
40 58 8.279e-05
40 61 0.00016558
40 62 0.000447436
40 64 -6.20925e-05
40 65 -0.000167788
40 75 -0.000211392
40 78 0.000140928
40 81 0.00016558
40 82 0.000447436
40 83 0.000563712
40 84 0.000563712
40 85 0.000140928
41 5 -0.000105696
41 8 1.7616e-05
41 9 3.5232e-05
41 36 -7.0464e-05
41 37 -0.000140928
41 38 -0.000211392
41 39 -0.000105696
41 40 -0.000252787
41 41 0.000472477
41 42 6.31967e-05
41 57 -9.32969e-05
41 58 -0.000155389
41 59 -9.32969e-05
41 60 -6.21979e-05
41 61 -0.000103593
41 62 -0.000174057
41 63 1.55495e-05
41 64 2.58982e-05
41 65 4.35142e-05
41 75 3.5232e-05
41 78 -0.000105696
41 81 -6.20925e-05
41 82 -0.000167788
41 83 -0.000140928
41 84 -0.000211392
41 85 -0.000105696
42 1 -0.000217029
42 4 -0.00021515
42 5 -0.000213271
42 7 7.23429e-05
42 8 5.37875e-05
42 9 0.000106949
42 36 -0.000105696
42 37 -0.000211392
42 38 -0.000427794
42 39 -0.00021515
42 40 -0.000252787
42 41 6.31967e-05
42 42 0.00266659
42 43 -0.000217029
42 45 -0.000322725
42 46 0.000196199
42 47 -0.000289372
42 58 -0.000248385
42 61 -6.20925e-05
42 62 -0.000167788
42 64 6.45449e-05
42 65 0.000103985
42 75 0.000184639
42 78 -0.000375525
42 81 -0.00025818
42 82 -0.00041594
42 83 -0.000211392
42 84 -0.000738555
42 85 -0.000320846
42 87 -0.000626611
42 88 -0.000784796
42 89 -0.000109454
42 90 -0.000279619
42 91 -0.000218908
42 92 6.99047e-05
42 106 -0.000456121
42 108 -0.00068129
42 109 0.000239613
42 115 -0.000958453
42 116 -0.000325177
42 117 -0.000218908
42 122 -0.000138885
42 124 7.28439e-05
42 130 -0.000291375
42 131 -0.000345997
42 132 -9.10666e-05
42 133 -0.000421155
42 134 -0.000200521
42 135 -0.000298178
42 136 0.000105289
42 137 -0.000635561
42 138 -0.000333555
42 155 -0.000431212
43 0 0.000198413
43 3 9.92063e-05
43 4 0.000485279
43 6 -7.44048e-05
43 7 -0.000194289
43 9 -0.00018198
43 38 0.000143433
43 42 -0.000217029
43 43 0.00155431
43 44 0.000198413
43 45 0.000485279
43 46 -0.000194289
43 47 0.000578743
43 88 0.000578743
43 90 0.000145939
43 91 0.000291877
43 92 -0.000109454
43 117 0.000291877
44 0 0.000198413
44 3 0.000595238
44 4 9.92063e-05
44 6 -0.000297619
44 7 -7.44048e-05
44 9 -0.000223214
44 11 9.92063e-05
44 14 0.000595238
44 15 0.000198413
44 17 -0.000223214
44 18 -7.44048e-05
44 43 0.000198413
44 44 0.00238095
44 45 0.000595238
44 46 -0.000297619
44 54 0.000595238
44 55 0.000198413
44 75 -0.000297619
44 85 0.000198413
44 86 0.000793651
44 87 0.000793651
44 95 0.000198413
45 0 9.92063e-05
45 3 0.000595238
45 4 0.000485279
45 6 -0.000223214
45 7 -0.00018198
45 9 -0.000363959
45 38 0.000860599
45 42 -0.000322725
45 43 0.000485279
45 44 0.000595238
45 45 0.00291167
45 46 -0.000363959
45 47 0.000143433
45 75 -0.000363959
45 84 0.000286866
45 85 0.000970558
45 86 0.000198413
45 87 0.000970558
45 88 0.000860599
46 0 -7.44048e-05
46 3 -0.000223214
46 4 -0.00018198
46 6 7.44048e-05
46 7 4.85723e-05
46 9 9.09898e-05
46 11 -0.00018198
46 14 -0.000223214
46 15 -7.44048e-05
46 17 9.09898e-05
46 18 4.85723e-05
46 38 -0.000322725
46 42 0.000196199
46 43 -0.000194289
46 44 -0.000297619
46 45 -0.000363959
46 46 0.00306347
46 47 -0.000217029
46 52 -0.000322725
46 53 0.000196199
46 54 -0.000363959
46 55 -0.000194289
46 56 -0.000217029
46 75 0.000258473
46 84 -0.000626611
46 85 -0.000363959
46 86 -0.000297619
46 87 -0.00103389
46 88 -0.000784796
46 90 -0.000218908
46 91 -0.000109454
46 92 3.64846e-05
46 93 -0.000626611
46 95 -0.000363959
46 96 -0.000784796
46 97 -0.000218908
46 99 -0.000109454
46 100 3.64846e-05
46 108 -0.000822922
46 109 0.000255629
46 115 -0.000635561
46 117 -0.000145939
46 119 -0.000635561
46 120 -0.000145939
46 133 -0.000333555
46 134 -0.000109454
46 136 7.748e-05
46 137 -0.00102252
46 138 -0.00030992
46 141 -0.000109454
46 142 -0.000333555
46 145 7.748e-05
46 146 -0.00030992
46 155 -0.000355426
46 160 -0.000355426
46 174 -0.000175101
46 175 -0.000131326
46 176 -0.000262651
46 177 4.37752e-05
46 179 -0.000131326
47 1 0.000578743
47 4 0.000573733
47 5 0.000143433
47 7 -0.000289372
47 8 -0.000217029
47 9 -0.00021515
47 38 0.000573733
47 39 0.000578743
47 42 -0.000289372
47 43 0.000578743
47 45 0.000143433
47 46 -0.000217029
47 47 0.00231497
47 88 0.000578743
47 89 0.000145939
47 90 0.000583754
47 91 0.000583754
47 92 -0.000218908
47 117 0.000145939
48 10 0.000140928
48 16 -0.000105696
48 17 -0.000211392
48 30 0.00033116
48 34 -0.000124185
48 35 -0.000223718
48 48 0.00178974
48 49 0.000281856
48 50 0.000281856
48 51 0.000563712
48 52 0.000563712
48 53 -0.000223718
48 72 0.00016558
48 73 0.000613016
48 75 -0.000229881
48 93 0.000613016
48 94 0.00033116
48 95 0.000140928
49 10 0.000568722
49 11 0.000143433
49 12 0.000578743
49 16 -0.00021515
49 17 -0.000213271
49 18 -0.000217029
49 35 -0.000105696
49 48 0.000281856
49 49 0.0017212
49 50 0.000281856
49 51 0.000140928
49 52 0.000568722
49 53 -0.00021515
49 56 0.000578743
49 97 0.000291877
49 98 0.000291877
49 99 0.000145939
49 100 -0.000109454
50 10 0.000281856
50 16 -7.0464e-05
50 17 -0.000105696
50 35 -7.0464e-05
50 48 0.000281856
50 49 0.000281856
50 50 0.000563712
50 51 0.000281856
50 52 0.000140928
50 53 -0.000105696
51 10 0.000281856
51 16 -0.000105696
51 17 -0.000140928
51 35 -0.000140928
51 48 0.000563712
51 49 0.000140928
51 50 0.000281856
51 51 0.00112742
51 52 0.000563712
51 53 -0.000211392
51 73 0.000281856
51 75 -0.000105696
51 93 0.000140928
51 95 0.000281856
52 10 0.000568722
52 11 0.000573733
52 12 0.000143433
52 16 -0.000213271
52 17 -0.000427794
52 18 -0.00021515
52 35 -0.000211392
52 46 -0.000322725
52 48 0.000563712
52 49 0.000568722
52 50 0.000140928
52 51 0.000563712
52 52 0.00342236
52 53 -0.000427794
52 54 0.000860599
52 55 0.000143433
52 56 0.000573733
52 73 0.000140928
52 75 -0.000320846
52 87 0.000286866
52 93 0.000855589
52 95 0.000855589
52 96 0.000860599
53 10 -0.000213271
53 11 -0.00021515
53 12 -0.000217029
53 16 5.37875e-05
53 17 0.000106949
53 18 7.23429e-05
53 30 -0.000124185
53 34 8.93779e-05
53 35 5.59295e-05
53 46 0.000196199
53 48 -0.000223718
53 49 -0.00021515
53 50 -0.000105696
53 51 -0.000211392
53 52 -0.000427794
53 53 0.00244006
53 54 -0.000322725
53 55 -0.000217029
53 56 -0.000289372
53 72 -0.000397382
53 73 -0.000229881
53 75 0.000188281
53 87 -0.000626611
53 93 -0.000753126
53 94 -0.000357512
53 95 -0.000320846
53 96 -0.000784796
53 97 -0.000279619
53 98 -0.000109454
53 99 -0.000218908
53 100 6.99047e-05
53 108 -0.000684658
53 109 0.000209126
53 118 -0.000412082
53 119 -0.000836504
53 120 -0.000218908
53 126 -0.000138885
53 129 7.28439e-05
53 137 -0.000635561
53 139 -0.000291375
53 140 -0.000345997
53 141 -0.000200521
53 142 -0.000421155
53 143 -9.10666e-05
53 144 -0.000298178
53 145 0.000105289
53 146 -0.000333555
53 160 -0.000431212
54 6 -0.000223214
54 11 0.000485279
54 14 0.000595238
54 15 9.92063e-05
54 17 -0.000363959
54 18 -0.00018198
54 44 0.000595238
54 46 -0.000363959
54 52 0.000860599
54 53 -0.000322725
54 54 0.00291167
54 55 0.000485279
54 56 0.000143433
54 75 -0.000363959
54 86 0.000198413
54 87 0.000970558
54 93 0.000286866
54 95 0.000970558
54 96 0.000860599
55 6 -7.44048e-05
55 11 0.000485279
55 14 9.92063e-05
55 15 0.000198413
55 17 -0.00018198
55 18 -0.000194289
55 44 0.000198413
55 46 -0.000194289
55 52 0.000143433
55 53 -0.000217029
55 54 0.000485279
55 55 0.00155431
55 56 0.000578743
55 96 0.000578743
55 97 0.000145939
55 99 0.000291877
55 100 -0.000109454
55 120 0.000291877
56 10 0.000143433
56 11 0.000573733
56 12 0.000578743
56 16 -0.000217029
56 17 -0.00021515
56 18 -0.000289372
56 46 -0.000217029
56 49 0.000578743
56 52 0.000573733
56 53 -0.000289372
56 54 0.000143433
56 55 0.000578743
56 56 0.00231497
56 96 0.000578743
56 97 0.000583754
56 98 0.000145939
56 99 0.000583754
56 100 -0.000218908
56 120 0.000145939
57 41 -9.32969e-05
57 57 0.00180425
57 58 0.00057065
57 59 0.00057065
57 60 0.000248792
57 61 0.000248792
57 62 0.000124396
57 63 -0.000225531
57 64 -0.000225531
57 65 -0.000213994
57 69 0.000160929
57 70 0.000653331
57 71 -0.000244999
57 101 0.000653331
57 102 0.000165736
57 103 0.000331473
57 104 0.000331473
57 105 -0.000124302
58 40 8.279e-05
58 41 -0.000155389
58 42 -0.000248385
58 57 0.00057065
58 58 0.00372974
58 59 0.00057065
58 60 0.000124396
58 61 0.000414372
58 62 0.000414372
58 63 -0.000213994
58 64 -0.000466217
58 65 -0.000466217
58 69 0.000953718
58 70 0.000160929
58 71 -0.000357644
58 81 0.000662359
58 82 0.000662359
58 101 0.000953718
58 106 0.00112864
58 107 0.00031593
58 109 -0.00042324
58 115 0.000248389
58 116 0.00112864
59 28 -9.34644e-05
59 41 -9.32969e-05
59 57 0.00057065
59 58 0.00057065
59 59 0.00163978
59 60 0.000248792
59 61 0.000124396
59 62 0.000248792
59 63 -0.000204972
59 64 -0.000213994
59 65 -0.000204972
59 66 0.000249238
59 67 0.000249238
59 68 0.000124619
59 69 0.000571096
59 70 0.000571096
59 71 -0.000214161
59 101 0.000160929
60 41 -6.21979e-05
60 57 0.000248792
60 58 0.000124396
60 59 0.000248792
60 60 0.000497583
60 61 0.000248792
60 62 0.000248792
60 63 -6.21979e-05
60 64 -9.32969e-05
60 65 -9.32969e-05
61 40 0.00016558
61 41 -0.000103593
61 42 -6.20925e-05
61 57 0.000248792
61 58 0.000414372
61 59 0.000124396
61 60 0.000248792
61 61 0.000828744
61 62 0.000414372
61 63 -9.32969e-05
61 64 -0.000103593
61 65 -0.000155389
61 81 0.00016558
61 82 8.279e-05
62 40 0.000447436
62 41 -0.000174057
62 42 -0.000167788
62 57 0.000124396
62 58 0.000414372
62 59 0.000248792
62 60 0.000248792
62 61 0.000414372
62 62 0.00139246
62 63 -9.32969e-05
62 64 -0.000155389
62 65 -0.000174057
62 75 -0.000105696
62 78 0.000281856
62 81 8.279e-05
62 82 0.000447436
62 83 0.000281856
62 84 0.000140928
63 28 1.55774e-05
63 41 1.55495e-05
63 57 -0.000225531
63 58 -0.000213994
63 59 -0.000204972
63 60 -6.21979e-05
63 61 -9.32969e-05
63 62 -9.32969e-05
63 63 0.00043176
63 64 5.63827e-05
63 65 5.1243e-05
63 66 -9.34644e-05
63 67 -6.23096e-05
63 68 -9.34644e-05
63 69 -0.000214161
63 70 -0.000225642
63 71 5.64106e-05
63 101 -0.000244999
63 102 -0.000124302
63 103 -0.000124302
63 104 -8.28682e-05
63 105 2.0717e-05
64 40 -6.20925e-05
64 41 2.58982e-05
64 42 6.45449e-05
64 57 -0.000225531
64 58 -0.000466217
64 59 -0.000213994
64 60 -9.32969e-05
64 61 -0.000103593
64 62 -0.000155389
64 63 5.63827e-05
64 64 0.00125671
64 65 0.000116554
64 69 -0.000357644
64 70 -0.000244999
64 71 0.000129358
64 81 -0.00025818
64 82 -0.000248385
64 101 -0.000517432
64 102 -0.00024637
64 103 -0.000164247
64 104 -0.000124302
64 105 4.10617e-05
64 106 -0.00042324
64 107 -0.000409081
64 109 0.000122376
64 115 -0.000325177
64 116 -0.000489506
64 121 -0.000294202
64 122 -0.000288724
64 123 -0.000122068
64 124 7.21811e-05
64 130 -0.000138885
64 131 -0.000311019
65 28 3.11548e-05
65 40 -0.000167788
65 41 4.35142e-05
65 42 0.000103985
65 57 -0.000213994
65 58 -0.000466217
65 59 -0.000204972
65 60 -9.32969e-05
65 61 -0.000155389
65 62 -0.000174057
65 63 5.1243e-05
65 64 0.000116554
65 65 0.00141708
65 66 -0.000124619
65 67 -9.34644e-05
65 68 -0.000186929
65 69 -0.000466582
65 70 -0.000214161
65 71 0.000116645
65 75 0.000104048
65 76 -0.000248764
65 77 -9.34644e-05
65 78 -0.000416193
65 81 -0.000248385
65 82 -0.00041594
65 83 -0.000105696
65 84 -0.000375525
65 101 -0.000357644
65 106 -0.000565579
65 107 -0.000392247
65 108 -0.000425129
65 109 0.000141395
65 115 -0.000456121
65 116 -0.00042324
66 28 -0.000124619
66 59 0.000249238
66 63 -9.34644e-05
66 65 -0.000124619
66 66 0.000996953
66 67 0.000249238
66 68 0.000498477
66 69 0.000498477
66 70 0.000124619
66 71 -0.000186929
66 75 -9.34644e-05
66 76 0.000124619
66 77 0.000249238
66 78 0.000249238
67 28 -6.23096e-05
67 59 0.000249238
67 63 -6.23096e-05
67 65 -9.34644e-05
67 66 0.000249238
67 67 0.000498477
67 68 0.000249238
67 69 0.000124619
67 70 0.000249238
67 71 -9.34644e-05
68 24 0.000331227
68 27 -0.00012421
68 28 -0.000207426
68 59 0.000124619
68 63 -9.34644e-05
68 65 -0.000186929
68 66 0.000498477
68 67 0.000249238
68 68 0.00165941
68 69 0.000498477
68 70 0.000249238
68 71 -0.000207426
68 75 -0.000217674
68 76 0.000580465
68 77 0.000580465
68 78 0.000124619
68 79 0.000165613
68 110 0.000331227
69 28 -0.000186929
69 57 0.000160929
69 58 0.000953718
69 59 0.000571096
69 63 -0.000214161
69 64 -0.000357644
69 65 -0.000466582
69 66 0.000498477
69 67 0.000124619
69 68 0.000498477
69 69 0.00373265
69 70 0.000571096
69 71 -0.000466582
69 75 -0.000248764
69 76 0.000663369
69 77 0.000124619
69 78 0.000663369
69 101 0.000953718
69 106 0.00104599
69 107 0.00104599
69 108 0.000207066
69 109 -0.000392247
69 116 0.00031593
70 28 -9.34644e-05
70 57 0.000653331
70 58 0.000160929
70 59 0.000571096
70 63 -0.000225642
70 64 -0.000244999
70 65 -0.000214161
70 66 0.000124619
70 67 0.000249238
70 68 0.000249238
70 69 0.000571096
70 70 0.00180514
70 71 -0.000225642
70 101 0.000653331
70 102 0.000331473
70 103 0.000165736
70 104 0.000331473
70 105 -0.000124302
71 24 -0.00012421
71 27 9.51194e-05
71 28 5.18565e-05
71 57 -0.000244999
71 58 -0.000357644
71 59 -0.000214161
71 63 5.64106e-05
71 64 0.000129358
71 65 0.000116645
71 66 -0.000186929
71 67 -9.34644e-05
71 68 -0.000207426
71 69 -0.000466582
71 70 -0.000225642
71 71 0.00213085
71 75 0.000110582
71 76 -0.000442326
71 77 -0.000217674
71 78 -0.000248764
71 79 -0.000414725
71 101 -0.000517432
71 102 -0.000286454
71 103 -0.00024637
71 104 -0.000124302
71 105 7.16135e-05
71 106 -0.000392247
71 107 -0.000846222
71 108 -0.000445815
71 109 0.000211555
71 110 -0.000380477
71 116 -0.000409081
71 121 -0.000490639
71 122 -0.000294202
71 123 -0.000305379
71 124 0.00012266
71 125 -0.000446506
71 131 -0.00043058
71 147 -0.000398498
71 148 -0.000441757
71 149 -0.000183311
71 150 9.96246e-05
71 151 -0.000155991
71 152 -0.000414437
72 21 0.000182552
72 25 -0.000230211
72 27 -0.000560568
72 30 0.000579952
72 32 0.000613896
72 33 0.000124396
72 34 -0.000700832
72 35 -0.000217482
72 48 0.00016558
72 53 -0.000397382
72 72 0.00560665
72 73 0.000579952
72 74 0.000613896
72 75 -0.000700832
72 79 0.00149485
72 80 0.00149485
72 93 0.00105969
72 94 0.00105969
72 108 0.00185827
72 109 -0.000696851
72 118 0.00185827
72 119 0.000364263
72 125 0.000564872
73 17 -0.000105696
73 25 -9.32969e-05
73 30 0.000579952
73 32 0.000124396
73 33 0.000248792
73 34 -0.000217482
73 35 -0.000215452
73 48 0.000613016
73 51 0.000281856
73 52 0.000140928
73 53 -0.000229881
73 72 0.000579952
73 73 0.00172362
73 74 0.000248792
73 75 -0.000215452
73 93 0.000613016
73 94 0.00016558
73 95 0.000281856
74 21 0.000647071
74 22 0.000281966
74 24 0.000140983
74 25 -0.000223966
74 27 -0.000242651
74 28 -0.000105737
74 30 0.000124396
74 32 0.000613896
74 33 0.000248792
74 34 -0.000230211
74 35 -9.32969e-05
74 72 0.000613896
74 73 0.000248792
74 74 0.00179172
74 75 -0.000223966
74 77 0.000281966
74 79 0.000647071
74 80 0.000182552
75 3 -0.00014881
75 6 4.96032e-05
75 9 7.82759e-05
75 14 -0.00014881
75 17 7.82759e-05
75 21 -0.000242651
75 22 -0.000105737
75 24 -0.000229947
75 25 5.59914e-05
75 27 0.000180172
75 28 5.3902e-05
75 30 -0.000217482
75 32 -0.000230211
75 33 -9.32969e-05
75 34 0.000175208
75 35 5.3863e-05
75 37 -0.000105696
75 38 -0.000320846
75 40 -0.000211392
75 41 3.5232e-05
75 42 0.000184639
75 44 -0.000297619
75 45 -0.000363959
75 46 0.000258473
75 48 -0.000229881
75 51 -0.000105696
75 52 -0.000320846
75 53 0.000188281
75 54 -0.000363959
75 62 -0.000105696
75 65 0.000104048
75 66 -9.34644e-05
75 68 -0.000217674
75 69 -0.000248764
75 71 0.000110582
75 72 -0.000700832
75 73 -0.000215452
75 74 -0.000223966
75 75 0.00395823
75 76 -0.000442326
75 77 -0.000215608
75 78 -0.000416193
75 79 -0.000720687
75 80 -0.000560568
75 82 -0.000375525
75 83 -0.000140928
75 84 -0.000738555
75 85 -0.000313104
75 86 -0.000198413
75 87 -0.00103389
75 88 -0.000626611
75 93 -0.000753126
75 94 -0.000397382
75 95 -0.000313104
75 96 -0.000626611
75 106 -0.000425129
75 107 -0.000445815
75 108 -0.00149028
75 109 0.00037257
75 110 -0.000414725
75 115 -0.00068129
75 118 -0.000696851
75 119 -0.000684658
75 125 -0.00071417
75 137 -0.000822922
76 24 0.000165613
76 27 -0.000414725
76 28 -0.000217674
76 65 -0.000248764
76 66 0.000124619
76 68 0.000580465
76 69 0.000663369
76 71 -0.000442326
76 75 -0.000442326
76 76 0.00353861
76 77 0.000580465
76 78 0.000663369
76 79 0.00110593
76 106 0.000207066
76 107 0.00118884
76 108 0.00118884
76 109 -0.000445815
76 110 0.00110593
76 125 0.000387354
77 21 0.000140983
77 22 0.000281966
77 24 0.000613193
77 25 -0.000105737
77 27 -0.000229947
77 28 -0.000215608
77 65 -9.34644e-05
77 66 0.000249238
77 68 0.000580465
77 69 0.000124619
77 71 -0.000217674
77 74 0.000281966
77 75 -0.000215608
77 76 0.000580465
77 77 0.00172486
77 78 0.000249238
77 79 0.000613193
77 110 0.000165613
78 28 -9.34644e-05
78 40 0.000140928
78 41 -0.000105696
78 42 -0.000375525
78 62 0.000281856
78 65 -0.000416193
78 66 0.000249238
78 68 0.000124619
78 69 0.000663369
78 71 -0.000248764
78 75 -0.000416193
78 76 0.000663369
78 77 0.000249238
78 78 0.00332954
78 82 0.0010014
78 83 0.000281856
78 84 0.0010014
78 106 0.00113368
78 107 0.000207066
78 108 0.00113368
78 109 -0.000425129
78 115 0.000359772
79 21 0.000647071
79 22 0.000140983
79 24 0.000613193
79 25 -0.000242651
79 27 -0.000720687
79 28 -0.000229947
79 32 0.000182552
79 34 -0.000560568
79 68 0.000165613
79 71 -0.000414725
79 72 0.00149485
79 74 0.000647071
79 75 -0.000720687
79 76 0.00110593
79 77 0.000613193
79 79 0.0057655
79 80 0.00149485
79 107 0.000387354
79 108 0.00190445
79 109 -0.00071417
79 110 0.00110593
79 118 0.000564872
79 125 0.00190445
80 19 0.000182552
80 20 0.000742127
80 21 0.000730208
80 25 -0.000273828
80 26 -0.000278298
80 27 -0.000773501
80 29 0.000742127
80 32 0.000730208
80 34 -0.000773501
80 72 0.00149485
80 74 0.000182552
80 75 -0.000560568
80 79 0.00149485
80 80 0.00618801
80 108 0.000564872
80 109 -0.000606198
80 111 0.000188511
80 112 0.000747269
80 113 0.000747269
80 114 -0.000280226
80 118 0.00161653
80 125 0.00161653
80 126 0.00085703
80 127 0.000185123
80 128 0.00085703
80 129 -0.000321386
80 140 0.000243392
81 40 0.00016558
81 41 -6.20925e-05
81 42 -0.00025818
81 58 0.000662359
81 61 0.00016558
81 62 8.279e-05
81 64 -0.00025818
81 65 -0.000248385
81 81 0.00206544
81 82 0.000662359
81 106 0.000248389
81 109 -0.000325177
81 115 0.000867139
81 116 0.000867139
81 122 0.00037036
81 124 -0.000138885
81 130 0.00037036
81 131 0.00018518
82 40 0.000447436
82 41 -0.000167788
82 42 -0.00041594
82 58 0.000662359
82 61 8.279e-05
82 62 0.000447436
82 64 -0.000248385
82 65 -0.00041594
82 75 -0.000375525
82 78 0.0010014
82 81 0.000662359
82 82 0.00332752
82 83 0.000140928
82 84 0.0010014
82 106 0.00121632
82 108 0.000359772
82 109 -0.000456121
82 115 0.00121632
82 116 0.000248389
83 9 -0.000105696
83 37 0.000281856
83 38 0.000140928
83 40 0.000563712
83 41 -0.000140928
83 42 -0.000211392
83 62 0.000281856
83 65 -0.000105696
83 75 -0.000140928
83 78 0.000281856
83 82 0.000140928
83 83 0.00112742
83 84 0.000563712
83 85 0.000281856
84 9 -0.000320846
84 37 0.000140928
84 38 0.000855589
84 40 0.000563712
84 41 -0.000211392
84 42 -0.000738555
84 45 0.000286866
84 46 -0.000626611
84 62 0.000140928
84 65 -0.000375525
84 75 -0.000738555
84 78 0.0010014
84 82 0.0010014
84 83 0.000563712
84 84 0.00590844
84 85 0.000855589
84 87 0.00167096
84 88 0.00167096
84 106 0.000359772
84 108 0.00181677
84 109 -0.00068129
84 115 0.00181677
84 137 0.000548614
85 3 0.000396825
85 6 -0.00014881
85 9 -0.000313104
85 37 0.000281856
85 38 0.000855589
85 40 0.000140928
85 41 -0.000105696
85 42 -0.000320846
85 44 0.000198413
85 45 0.000970558
85 46 -0.000363959
85 75 -0.000313104
85 83 0.000281856
85 84 0.000855589
85 85 0.00250483
85 86 0.000396825
85 87 0.000970558
85 88 0.000286866
86 3 0.000396825
86 6 -0.000198413
86 9 -0.00014881
86 14 0.000396825
86 17 -0.00014881
86 44 0.000793651
86 45 0.000198413
86 46 -0.000297619
86 54 0.000198413
86 75 -0.000198413
86 85 0.000396825
86 86 0.0015873
86 87 0.000793651
86 95 0.000396825
87 3 0.000198413
87 6 -0.000297619
87 9 -0.000363959
87 14 0.000198413
87 17 -0.000363959
87 38 0.000286866
87 42 -0.000626611
87 44 0.000793651
87 45 0.000970558
87 46 -0.00103389
87 52 0.000286866
87 53 -0.000626611
87 54 0.000970558
87 75 -0.00103389
87 84 0.00167096
87 85 0.000970558
87 86 0.000793651
87 87 0.00827115
87 88 0.00167096
87 93 0.00167096
87 95 0.000970558
87 96 0.00167096
87 108 0.00219446
87 109 -0.000822922
87 115 0.000548614
87 119 0.000548614
87 137 0.00219446
88 4 0.000143433
88 7 -0.000217029
88 9 -0.000322725
88 38 0.000860599
88 42 -0.000784796
88 43 0.000578743
88 45 0.000860599
88 46 -0.000784796
88 47 0.000578743
88 75 -0.000626611
88 84 0.00167096
88 85 0.000286866
88 87 0.00167096
88 88 0.00627837
88 90 0.000583754
88 91 0.000145939
88 92 -0.000218908
88 108 0.000548614
88 109 -0.000635561
88 115 0.00169483
88 117 0.000583754
88 133 0.000889479
88 134 0.000145939
88 136 -0.000333555
88 137 0.00169483
88 138 0.000889479
88 155 0.000298801
89 1 0.000291877
89 7 -0.000109454
89 8 -7.29693e-05
89 39 0.000291877
89 42 -0.000109454
89 47 0.000145939
89 89 0.000583754
89 90 0.000291877
89 91 0.000291877
89 92 -7.29693e-05
90 1 0.000145939
90 7 -0.000218908
90 8 -0.000109454
90 39 0.000291877
90 42 -0.000279619
90 43 0.000145939
90 46 -0.000218908
90 47 0.000583754
90 88 0.000583754
90 89 0.000291877
90 90 0.00223695
90 91 0.000583754
90 92 -0.000279619
90 117 0.000583754
90 124 -9.10666e-05
90 130 0.000242844
90 132 0.000242844
90 133 0.000534721
90 134 0.000534721
90 135 0.000121422
90 136 -0.000200521
90 138 0.000145939
91 1 0.000291877
91 7 -0.000145939
91 8 -0.000109454
91 39 0.000145939
91 42 -0.000218908
91 43 0.000291877
91 46 -0.000109454
91 47 0.000583754
91 88 0.000145939
91 89 0.000291877
91 90 0.000583754
91 91 0.00116751
91 92 -0.000145939
91 117 0.000291877
92 1 -0.000109454
92 7 3.64846e-05
92 8 1.82423e-05
92 39 -0.000109454
92 42 6.99047e-05
92 43 -0.000109454
92 46 3.64846e-05
92 47 -0.000218908
92 88 -0.000218908
92 89 -7.29693e-05
92 90 -0.000279619
92 91 -0.000145939
92 92 0.000573381
92 117 -0.000145939
92 124 4.08366e-05
92 130 -9.10666e-05
92 132 -0.000163346
92 133 -0.000200521
92 134 -0.000236315
92 135 -0.000245019
92 136 5.90789e-05
92 138 -0.000109454
92 156 -0.000102635
92 157 -0.000153953
92 158 -0.000153953
92 159 2.56588e-05
93 17 -0.000320846
93 30 0.00016558
93 34 -0.000397382
93 35 -0.000229881
93 46 -0.000626611
93 48 0.000613016
93 51 0.000140928
93 52 0.000855589
93 53 -0.000753126
93 54 0.000286866
93 72 0.00105969
93 73 0.000613016
93 75 -0.000753126
93 87 0.00167096
93 93 0.00602501
93 94 0.00105969
93 95 0.000855589
93 96 0.00167096
93 108 0.00182575
93 109 -0.000684658
93 118 0.000364263
93 119 0.00182575
93 137 0.000548614
94 30 0.00033116
94 34 -0.000357512
94 35 -0.000124185
94 48 0.00033116
94 53 -0.000357512
94 72 0.00105969
94 73 0.00016558
94 75 -0.000397382
94 93 0.00105969
94 94 0.00286009
94 108 0.000364263
94 109 -0.000412082
94 118 0.00109889
94 119 0.00109889
94 126 0.00037036
94 129 -0.000138885
94 139 0.00037036
94 140 0.00018518
95 6 -0.00014881
95 14 0.000396825
95 17 -0.000313104
95 35 -0.000105696
95 44 0.000198413
95 46 -0.000363959
95 48 0.000140928
95 51 0.000281856
95 52 0.000855589
95 53 -0.000320846
95 54 0.000970558
95 73 0.000281856
95 75 -0.000313104
95 86 0.000396825
95 87 0.000970558
95 93 0.000855589
95 95 0.00250483
95 96 0.000286866
96 11 0.000143433
96 17 -0.000322725
96 18 -0.000217029
96 46 -0.000784796
96 52 0.000860599
96 53 -0.000784796
96 54 0.000860599
96 55 0.000578743
96 56 0.000578743
96 75 -0.000626611
96 87 0.00167096
96 93 0.00167096
96 95 0.000286866
96 96 0.00627837
96 97 0.000583754
96 99 0.000145939
96 100 -0.000218908
96 108 0.000548614
96 109 -0.000635561
96 119 0.00169483
96 120 0.000583754
96 137 0.00169483
96 141 0.000145939
96 142 0.000889479
96 145 -0.000333555
96 146 0.000889479
96 160 0.000298801
97 12 0.000145939
97 16 -0.000109454
97 18 -0.000218908
97 46 -0.000218908
97 49 0.000291877
97 53 -0.000279619
97 55 0.000145939
97 56 0.000583754
97 96 0.000583754
97 97 0.00223695
97 98 0.000291877
97 99 0.000583754
97 100 -0.000279619
97 120 0.000583754
97 129 -9.10666e-05
97 139 0.000242844
97 141 0.000534721
97 142 0.000534721
97 143 0.000242844
97 144 0.000121422
97 145 -0.000200521
97 146 0.000145939
98 12 0.000291877
98 16 -7.29693e-05
98 18 -0.000109454
98 49 0.000291877
98 53 -0.000109454
98 56 0.000145939
98 97 0.000291877
98 98 0.000583754
98 99 0.000291877
98 100 -7.29693e-05
99 12 0.000291877
99 16 -0.000109454
99 18 -0.000145939
99 46 -0.000109454
99 49 0.000145939
99 53 -0.000218908
99 55 0.000291877
99 56 0.000583754
99 96 0.000145939
99 97 0.000583754
99 98 0.000291877
99 99 0.00116751
99 100 -0.000145939
99 120 0.000291877
100 12 -0.000109454
100 16 1.82423e-05
100 18 3.64846e-05
100 46 3.64846e-05
100 49 -0.000109454
100 53 6.99047e-05
100 55 -0.000109454
100 56 -0.000218908
100 96 -0.000218908
100 97 -0.000279619
100 98 -7.29693e-05
100 99 -0.000145939
100 100 0.000573381
100 120 -0.000145939
100 129 4.08366e-05
100 139 -9.10666e-05
100 141 -0.000236315
100 142 -0.000200521
100 143 -0.000163346
100 144 -0.000245019
100 145 5.90789e-05
100 146 -0.000109454
100 161 -0.000102635
100 162 -0.000153953
100 163 -0.000153953
100 164 2.56588e-05
101 57 0.000653331
101 58 0.000953718
101 59 0.000160929
101 63 -0.000244999
101 64 -0.000517432
101 65 -0.000357644
101 69 0.000953718
101 70 0.000653331
101 71 -0.000517432
101 101 0.00413946
101 102 0.000656987
101 103 0.000656987
101 104 0.000165736
101 105 -0.00024637
101 106 0.00031593
101 107 0.00109088
101 109 -0.000409081
101 116 0.00109088
101 121 0.000784538
101 122 0.000784538
101 123 0.000162757
101 124 -0.000294202
101 131 0.000229512
