1861 1861 41611
0 0 0.533333
0 1 0.0333333
0 2 -0.0333333
0 3 -0.133333
0 4 -0.0333333
0 5 -0.05
0 6 -0.05
0 7 -0.075
0 8 0.00416667
0 9 0.0333333
0 43 0.0333333
0 44 -0.1
0 45 -0.183333
0 46 0.0208333
1 0 0.0333333
1 1 0.578847
1 2 -0.0333333
1 3 -0.05
1 4 -0.0805307
1 5 -0.0636549
1 6 0.00416667
1 7 -0.144497
1 8 -0.127231
1 9 0.0222369
1 38 -0.072657
1 39 -0.0094172
1 42 0.00754317
1 47 0.0443955
1 89 -0.0849408
1 90 -0.0528394
1 91 0.0186517
1 92 0.00992737
2 0 -0.0333333
2 1 -0.0333333
2 2 0.233333
2 3 -0.0333333
2 4 -0.133333
2 5 -0.0333333
2 6 -1.02094e-11
2 7 0.0166667
2 8 -1.02089e-11
2 9 0.0166667
3 0 -0.133333
3 1 -0.05
3 2 -0.0333333
3 3 0.666667
3 4 -0.0666667
3 5 0.0333333
3 6 -0.15
3 7 0.025
3 8 0.00416667
3 9 -0.166667
3 43 -0.05
3 44 0.0666667
3 45 0.0333333
3 46 0.00416667
3 75 0.0166667
3 85 4.7084e-11
3 86 -0.1
3 87 -0.1
4 0 -0.0333333
4 1 -0.0805307
4 2 -0.133333
4 3 -0.0666667
4 4 1.15133
4 5 -0.0789102
4 6 0.025
4 7 -0.251901
4 8 0.0324301
4 9 -0.203332
4 38 -0.0681711
4 39 -0.0963871
4 42 0.0172914
4 43 0.14795
4 44 -0.0666667
4 45 -0.276556
4 46 0.0247215
4 47 0.0584465
4 88 -0.101385
5 0 -0.05
5 1 -0.0636549
5 2 -0.0333333
5 3 0.0333333
5 4 -0.0789102
5 5 0.574563
5 6 0.00416667
5 7 0.0222527
5 8 -0.12537
5 9 -0.142766
5 36 -0.082292
5 37 0.0182582
5 38 0.0441486
5 39 -0.0126506
5 40 -0.0506343
5 41 0.00955567
5 42 0.00780025
5 47 -0.0744667
6 0 -0.05
6 1 0.00416667
6 2 -1.02094e-11
6 3 -0.15
6 4 0.025
6 5 0.00416667
6 6 0.3
6 7 0.00833333
6 8 -0.00416667
6 9 0.0333333
6 10 0.00416667
6 11 0.025
6 12 0.00416667
6 13 1.67512e-10
6 14 -0.15
6 15 -0.05
6 16 -0.00416667
6 17 0.0333333
6 18 0.00833333
6 43 0.00416667
6 44 -0.15
6 45 0.0375
6 46 0.025
6 54 0.0375
6 55 0.00416667
6 75 1.96672e-11
6 85 0.0166667
6 86 -0.05
6 87 0.0166667
6 95 0.0166667
7 0 -0.075
7 1 -0.144497
7 2 0.0166667
7 3 0.025
7 4 -0.251901
7 5 0.0222527
7 6 0.00833333
7 7 0.513958
7 8 0.0284818
7 9 0.0444738
7 38 0.0363285
7 39 0.0240968
7 42 0.0150863
7 43 -0.277536
7 44 0.0166667
7 45 0.0793727
7 46 0.0550895
7 47 -0.166578
7 88 0.0495609
7 89 0.0245177
7 90 0.0264197
7 91 -0.112404
7 92 0.0198547
7 117 0.0217568
8 0 0.00416667
8 1 -0.127231
8 2 -1.02089e-11
8 3 0.00416667
8 4 0.0324301
8 5 -0.12537
8 6 -0.00416667
8 7 0.0284818
8 8 0.163333
8 9 0.0280451
8 36 -0.00581175
8 37 0.00955567
8 38 0.023127
8 39 -0.0620374
8 40 0.000820623
8 41 -0.00228227
8 42 0.00669773
8 47 0.0237433
8 89 -0.00621545
8 90 0.000951009
8 91 0.00992737
8 92 -0.00233147
9 0 0.0333333
9 1 0.0222369
9 2 0.0166667
9 3 -0.166667
9 4 -0.203332
9 5 -0.142766
9 6 0.0333333
9 7 0.0444738
9 8 0.0280451
9 9 0.613711
9 36 0.0236759
9 37 -0.107968
9 38 -0.236579
9 39 0.0240968
9 40 0.0253171
9 41 0.0191113
9 42 0.0328919
9 43 0.0222369
9 44 0.0166667
9 45 -0.0821833
9 46 -0.0122659
9 47 0.0365771
9 75 0.0589809
9 83 0.0207526
9 84 0.0664361
9 85 -0.287927
9 86 0.0333333
9 87 0.049443
9 88 0.0183685
10 6 0.00416667
10 10 0.574563
10 11 -0.0789102
10 12 -0.0636549
10 13 -0.0333333
10 14 0.0333333
10 15 -0.05
10 16 -0.12537
10 17 -0.142766
10 18 0.0222527
10 35 0.00955567
10 48 -0.0506343
10 49 -0.0126506
10 50 -0.082292
10 51 0.0182582
10 52 0.0441486
10 53 0.00780025
10 56 -0.0744667
11 6 0.025
11 10 -0.0789102
11 11 1.15133
11 12 -0.0805307
11 13 -0.133333
11 14 -0.0666667
11 15 -0.0333333
11 16 0.0324301
11 17 -0.203332
11 18 -0.251901
11 44 -0.0666667
11 46 0.0247215
11 49 -0.0963871
11 52 -0.0681711
11 53 0.0172914
11 54 -0.276556
11 55 0.14795
11 56 0.0584465
11 96 -0.101385
12 6 0.00416667
12 10 -0.0636549
12 11 -0.0805307
12 12 0.578847
12 13 -0.0333333
12 14 -0.05
12 15 0.0333333
12 16 -0.127231
12 17 0.0222369
12 18 -0.144497
12 49 -0.0094172
12 52 -0.072657
12 53 0.00754317
12 56 0.0443955
12 97 -0.0528394
12 98 -0.0849408
12 99 0.0186517
12 100 0.00992737
13 6 1.67512e-10
13 10 -0.0333333
13 11 -0.133333
13 12 -0.0333333
13 13 0.233333
13 14 -0.0333333
13 15 -0.0333333
13 16 1.33714e-10
13 17 0.0166667
13 18 0.0166667
14 6 -0.15
14 10 0.0333333
14 11 -0.0666667
14 12 -0.05
14 13 -0.0333333
14 14 0.666667
14 15 -0.133333
14 16 0.00416667
14 17 -0.166667
14 18 0.025
14 44 0.0666667
14 46 0.00416667
14 54 0.0333333
14 55 -0.05
14 75 0.0166667
14 86 -0.1
14 87 -0.1
14 95 -2.04422e-10
15 6 -0.05
15 10 -0.05
15 11 -0.0333333
15 12 0.0333333
15 13 -0.0333333
15 14 -0.133333
15 15 0.533333
15 16 0.00416667
15 17 0.0333333
15 18 -0.075
15 44 -0.1
15 46 0.0208333
15 54 -0.183333
15 55 0.0333333
16 6 -0.00416667
16 10 -0.12537
16 11 0.0324301
16 12 -0.127231
16 13 1.33714e-10
16 14 0.00416667
16 15 0.00416667
16 16 0.163333
16 17 0.0280451
16 18 0.0284818
16 35 -0.00228227
16 48 0.000820623
16 49 -0.0620374
16 50 -0.00581175
16 51 0.00955567
16 52 0.023127
16 53 0.00669773
16 56 0.0237433
16 97 0.000951009
16 98 -0.00621545
16 99 0.00992737
16 100 -0.00233147
17 6 0.0333333
17 10 -0.142766
17 11 -0.203332
17 12 0.0222369
17 13 0.0166667
17 14 -0.166667
17 15 0.0333333
17 16 0.0280451
17 17 0.613711
17 18 0.0444738
17 35 0.0191113
17 44 0.0166667
17 46 -0.0122659
17 48 0.0253171
17 49 0.0240968
17 50 0.0236759
17 51 -0.107968
17 52 -0.236579
17 53 0.0328919
17 54 -0.0821833
17 55 0.0222369
17 56 0.0365771
17 73 0.0207526
17 75 0.0589809
17 86 0.0333333
17 87 0.049443
17 93 0.0664361
17 95 -0.287927
17 96 0.0183685
18 6 0.00833333
18 10 0.0222527
18 11 -0.251901
18 12 -0.144497
18 13 0.0166667
18 14 0.025
18 15 -0.075
18 16 0.0284818
18 17 0.0444738
18 18 0.513958
18 44 0.0166667
18 46 0.0550895
18 49 0.0240968
18 52 0.0363285
18 53 0.0150863
18 54 0.0793727
18 55 -0.277536
18 56 -0.166578
18 96 0.0495609
18 97 0.0264197
18 98 0.0245177
18 99 -0.112404
18 100 0.0198547
18 120 0.0217568
19 19 0.608854
19 20 -0.0378861
19 21 0.0353468
19 22 0.0182572
19 23 -0.0823275
19 24 -0.050655
19 25 -0.169848
19 26 -0.143685
19 27 0.0102361
19 28 0.00956044
19 29 -0.0563717
19 30 -0.0484604
19 31 -0.0647719
19 32 -0.00531882
19 33 0.0243175
19 34 0.0149825
19 35 0.00740957
19 80 -0.069639
20 19 -0.0378861
20 20 0.559815
20 21 -0.138184
20 22 -0.0727402
20 23 -0.0216265
20 24 0.0182572
20 25 0.0290511
20 26 -0.0682745
20 27 -0.0639426
20 28 0.00634245
20 29 0.0182434
20 32 -0.0998028
20 34 0.0148202
20 80 -0.0244842
20 111 -0.0549102
20 112 -0.0717985
20 113 -0.00375117
20 114 0.0108717
21 19 0.0353468
21 20 -0.138184
21 21 1.1565
21 22 -0.0366836
21 23 -0.141652
21 24 -0.152967
21 25 -0.181195
21 26 0.0281228
21 27 -0.106672
21 28 0.0363701
21 29 -0.0929838
21 32 0.0769407
21 34 0.0280883
21 72 -0.156585
21 74 0.123352
21 75 0.0315086
21 77 -0.105138
21 79 -0.239733
21 80 -0.164431
22 19 0.0182572
22 20 -0.0727402
22 21 -0.0366836
22 22 0.543234
22 23 -0.0602423
22 24 -0.049653
22 25 -0.108018
22 26 0.00956044
22 27 0.0234558
22 28 -0.0937327
22 74 0.00656932
22 75 0.0157671
22 77 -0.0733809
22 79 -0.122393
23 19 -0.0823275
23 20 -0.0216265
23 21 -0.141652
23 22 -0.0602423
23 23 0.265048
23 24 0.0225438
23 25 0.0236852
23 26 -0.00581731
23 27 0.0117279
23 28 -0.0113386
24 19 -0.050655
24 20 0.0182572
24 21 -0.152967
24 22 -0.049653
24 23 0.0225438
24 24 0.633174
24 25 0.0253275
24 26 0.000821165
24 27 -0.115913
24 28 -0.130567
24 68 -0.084876
24 71 0.0229589
24 74 -0.050655
24 75 0.0061346
24 76 -0.119658
24 77 0.0894256
24 79 0.00727273
24 110 -0.0709719
25 19 -0.169848
25 20 0.0290511
25 21 -0.181195
25 22 -0.108018
25 23 0.0236852
25 24 0.0253275
25 25 0.504716
25 26 0.0339181
25 27 0.0204722
25 28 0.0191209
25 29 0.0283774
25 30 0.0242302
25 31 0.0208985
25 32 -0.207479
25 33 -0.0929178
25 34 0.029965
25 35 0.0148191
25 72 0.0601216
25 73 0.0181508
25 74 -0.249975
25 75 0.0499434
25 77 0.0207632
25 79 0.0510525
25 80 0.0348195
26 19 -0.143685
26 20 -0.0682745
26 21 0.0281228
26 22 0.00956044
26 23 -0.00581731
26 24 0.000821165
26 25 0.0339181
26 26 0.161146
26 27 0.00889146
26 28 -0.00228215
26 29 -0.0883271
26 30 0.00166584
26 31 -0.00299604
26 32 0.0307561
26 33 0.00740957
26 34 0.0157585
26 35 -0.00303968
26 80 0.0168412
26 111 -0.0131911
26 112 0.00754686
26 113 0.00470646
26 114 0.000468897
27 19 0.0102361
27 20 -0.0639426
27 21 -0.106672
27 22 0.0234558
27 23 0.0117279
27 24 -0.115913
27 25 0.0204722
27 26 0.00889146
27 27 0.863753
27 28 0.0239047
27 29 0.00955531
27 32 0.0217999
27 34 0.0582133
27 68 0.0207428
27 71 0.0721415
27 72 0.0273423
27 74 0.0102361
27 75 0.00487489
27 76 0.0556502
27 77 0.0121768
27 79 -0.135901
27 80 -0.276558
27 107 0.0636549
27 108 0.0207457
27 109 0.0155375
27 110 -0.313919
27 111 0.0146403
27 112 0.0290175
27 113 -0.210793
27 114 0.0478944
27 118 0.0633262
27 125 -0.201421
27 126 0.00908998
27 127 0.0256921
27 128 -0.0346071
27 129 -0.0217109
27 140 -0.00563571
27 147 0.0295884
27 150 0.0576985
27 151 -0.267778
27 152 0.0282552
27 153 0.0488826
27 154 0.0456546
28 19 0.00956044
28 20 0.00634245
28 21 0.0363701
28 22 -0.0937327
28 23 -0.0113386
28 24 -0.130567
28 25 0.0191209
28 26 -0.00228215
28 27 0.0239047
28 28 0.272644
28 59 0.00743595
28 63 -0.00303205
28 65 0.0148719
28 66 -0.0766443
28 67 -0.00691811
28 68 -0.132596
28 69 0.0320285
28 70 0.00554626
28 71 0.0260281
28 74 0.00956044
28 75 0.01227
28 76 0.0274376
28 77 -0.0934919
28 78 0.00743595
28 79 0.024518
28 110 0.0155269
29 19 -0.0563717
29 20 0.0182434
29 21 -0.0929838
29 25 0.0283774
29 26 -0.0883271
29 27 0.00955531
29 29 0.572818
29 30 0.0243175
29 31 -0.0268928
29 32 -0.127191
29 33 -0.0639832
29 34 -0.093585
29 35 0.00554655
29 80 0.0264845
29 111 -0.0782139
29 112 -0.00375117
29 113 -0.0664079
29 114 0.0123644
30 19 -0.0484604
30 25 0.0242302
30 26 0.00166584
30 29 0.0243175
30 30 0.623687
30 31 0.00415278
30 32 -0.118553
30 33 -0.0752884
30 34 -0.127738
30 35 -0.132712
30 48 -0.084561
30 53 0.0207065
30 72 0.0138811
30 73 0.0817605
30 74 -0.0484604
30 75 0.00528852
30 93 -0.110643
30 94 -0.0532734
31 19 -0.0647719
31 25 0.0208985
31 26 -0.00299604
31 29 -0.0268928
31 30 0.00415278
31 31 0.249205
31 32 -0.136761
31 33 -0.0492491
31 34 0.0132918
31 35 -0.00687674
32 19 -0.00531882
32 20 -0.0998028
32 21 0.0769407
32 25 -0.207479
32 26 0.0307561
32 27 0.0217999
32 29 -0.127191
32 30 -0.118553
32 31 -0.136761
32 32 1.13832
32 33 -0.0404589
32 34 -0.144567
32 35 0.0319916
32 72 -0.242254
32 73 -0.0881261
32 74 0.121658
32 75 0.0277779
32 79 -0.124612
32 80 -0.114125
33 19 0.0243175
33 25 -0.0929178
33 26 0.00740957
33 29 -0.0639832
33 30 -0.0752884
33 31 -0.0492491
33 32 -0.0404589
33 33 0.525063
33 34 0.0265835
33 35 -0.076449
33 72 -0.139272
33 73 -0.0759026
33 74 0.0133267
33 75 0.0168206
34 19 0.0149825
34 20 0.0148202
34 21 0.0280883
34 25 0.029965
34 26 0.0157585
34 27 0.0582133
34 29 -0.093585
34 30 -0.127738
34 31 0.0132918
34 32 -0.144567
34 33 0.0265835
34 34 0.793957
34 35 0.0260699
34 48 0.0229447
34 53 0.0690985
34 72 -0.142337
34 73 0.0127781
34 74 0.0149825
34 75 0.00598612
34 79 0.0262471
34 80 -0.324853
34 93 0.0581472
34 94 -0.295152
34 108 0.0182101
34 109 -0.0172578
34 111 0.0189735
34 112 -0.100209
34 113 0.0253186
34 114 0.0189854
34 118 -0.0920093
34 119 0.0516495
34 125 0.0304898
34 126 -0.267464
34 127 0.0179465
34 128 0.083462
34 129 0.0578334
34 139 0.0242133
34 140 0.0261756
35 10 0.00955567
35 16 -0.00228227
35 17 0.0191113
35 19 0.00740957
35 25 0.0148191
35 26 -0.00303968
35 29 0.00554655
35 30 -0.132712
35 31 -0.00687674
35 32 0.0319916
35 33 -0.076449
35 34 0.0260699
35 35 0.272619
35 48 -0.130637
35 49 0.00634734
35 50 -0.0113385
35 51 -0.0937046
35 52 0.0363706
35 53 0.0239184
35 72 0.0274777
35 73 -0.093521
35 74 0.00740957
35 75 0.0122763
35 93 0.0245254
35 94 0.0155566
35 95 0.00955567
36 5 -0.082292
36 8 -0.00581175
36 9 0.0236759
36 36 0.265009
36 37 -0.0601851
36 38 -0.141634
36 39 -0.0216851
36 40 0.0225286
36 41 -0.0113385
36 42 0.0117325
37 5 0.0182582
37 8 0.00955567
37 9 -0.107968
37 36 -0.0601851
37 37 0.543148
37 38 -0.0368053
37 39 -0.0727412
37 40 -0.0496463
37 41 -0.0937046
37 42 0.023465
37 75 0.0157615
37 83 -0.0733151
37 84 -0.122388
37 85 0.00656498
38 1 -0.072657
38 4 -0.0681711
38 5 0.0441486
38 7 0.0363285
38 8 0.023127
38 9 -0.236579
38 36 -0.141634
38 37 -0.0368053
38 38 1.30448
38 39 -0.107382
38 40 -0.152891
38 41 0.0363706
38 42 -0.156723
38 43 -0.072657
38 45 0.173362
38 46 -0.000296581
38 47 -0.222457
38 75 0.0346383
38 83 -0.105117
38 84 -0.288202
38 85 0.106266
38 87 -0.128606
38 88 0.0314605
39 1 -0.0094172
39 4 -0.0963871
39 5 -0.0126506
39 7 0.0240968
39 8 -0.0620374
39 9 0.0240968
39 36 -0.0216851
39 37 -0.0727412
39 38 -0.107382
39 39 0.535635
39 40 0.0182582
39 41 0.00634734
39 42 -0.0518011
39 47 -0.111459
39 89 -0.0153424
39 90 0.0186517
39 91 -0.0718984
39 92 0.00571576
40 5 -0.0506343
40 8 0.000820623
40 9 0.0253171
40 36 0.0225286
40 37 -0.0496463
40 38 -0.152891
40 39 0.0182582
40 40 0.756693
40 41 -0.220506
40 42 -0.187892
40 58 -0.0471227
40 61 -0.0772573
40 62 0.0927171
40 64 0.00970989
40 65 0.01555
40 75 -0.00164125
40 78 -0.0506343
40 81 0.00786136
40 82 -0.18156
40 83 0.107834
40 84 0.01313
40 85 -0.0506343
41 5 0.00955567
41 8 -0.00228227
41 9 0.0191113
41 36 -0.0113385
41 37 -0.0937046
41 38 0.0363706
41 39 0.00634734
41 40 -0.220506
41 41 0.306035
41 42 0.0448302
41 57 0.00554655
41 58 0.0253482
41 59 0.00740957
41 60 -0.00687674
41 61 -0.0421809
41 62 -0.193604
41 63 -0.00303968
41 64 0.00237893
41 65 0.0426543
41 75 -0.00164125
41 78 0.0157615
41 81 0.00652825
41 82 0.059776
41 83 -0.0438584
41 84 0.0218238
41 85 0.00955567
42 1 0.00754317
42 4 0.0172914
42 5 0.00780025
42 7 0.0150863
42 8 0.00669773
42 9 0.0328919
42 36 0.0117325
42 37 0.023465
42 38 -0.156723
42 39 -0.0518011
42 40 -0.187892
42 41 0.0448302
42 42 0.872873
42 43 0.00754317
42 45 0.0259371
42 46 0.00994717
42 47 -0.0852098
42 58 0.0342105
42 61 0.0286527
42 62 0.0109159
42 64 0.0684513
42 65 -0.00657006
42 75 -0.000402375
42 78 0.00716598
42 81 -0.285004
42 82 -0.0657176
42 83 0.023465
42 84 -0.0833356
42 85 0.0164459
42 87 0.014987
42 88 -0.111483
42 89 0.0113297
42 90 -0.247103
42 91 0.0226594
42 92 0.0605034
42 106 0.0265654
42 108 0.0220764
42 109 0.0248204
42 115 -0.211843
42 116 0.0601581
42 117 0.0226594
42 122 0.0250804
42 124 0.046784
42 130 -0.2208
42 131 0.025029
42 132 0.0488462
42 133 -0.0388347
42 134 0.0206013
42 135 0.0282769
42 136 -0.0120822
42 137 0.0173567
42 138 0.00310483
42 155 0.0110161
43 0 0.0333333
43 3 -0.05
43 4 0.14795
43 6 0.00416667
43 7 -0.277536
43 9 0.0222369
43 38 -0.072657
43 42 0.00754317
43 43 0.791709
43 44 -0.0333333
43 45 -0.292135
43 46 -0.207054
43 47 0.146252
43 88 -0.111273
43 90 -0.0528394
43 91 0.00760807
43 92 0.00992737
43 117 -0.0738971
44 0 -0.1
44 3 0.0666667
44 4 -0.0666667
44 6 -0.15
44 7 0.0166667
44 9 0.0166667
44 11 -0.0666667
44 14 0.0666667
44 15 -0.1
44 17 0.0166667
44 18 0.0166667
44 43 -0.0333333
44 44 0.733333
44 45 -0.133333
44 46 -0.116667
44 54 -0.133333
44 55 -0.0333333
44 75 1.96672e-11
44 85 -0.0666667
44 86 0.133333
44 87 -1.57338e-10
44 95 -0.0666667
45 0 -0.183333
45 3 0.0333333
45 4 -0.276556
45 6 0.0375
45 7 0.0793727
45 9 -0.0821833
45 38 0.173362
45 42 0.0259371
45 43 -0.292135
45 44 -0.133333
45 45 1.41672
45 46 -0.00904529
45 47 -0.200448
45 75 0.0465459
45 84 -0.206975
45 85 0.129977
45 86 -0.166667
45 87 -0.314887
45 88 -0.0771839
46 0 0.0208333
46 3 0.00416667
46 4 0.0247215
46 6 0.025
46 7 0.0550895
46 9 -0.0122659
46 11 0.0247215
46 14 0.00416667
46 15 0.0208333
46 17 -0.0122659
46 18 0.0550895
46 38 -0.000296581
46 42 0.00994717
46 43 -0.207054
46 44 -0.116667
46 45 -0.00904529
46 46 0.878971
46 47 0.034828
46 52 -0.000296581
46 53 0.00994717
46 54 -0.00904529
46 55 -0.207054
46 56 0.034828
46 75 0.0129628
46 84 0.0156506
46 85 0.00498549
46 86 0.0166667
46 87 -0.130371
46 88 -0.138434
46 90 -0.00190202
46 91 0.0164923
46 92 -0.00190202
46 93 0.0156506
46 95 0.00498549
46 96 -0.138434
46 97 -0.00190202
46 99 0.0164923
46 100 -0.00190202
46 108 0.0465062
46 109 0.0581716
46 115 0.0306756
46 117 -0.0207136
46 119 0.0306756
46 120 -0.0207136
46 133 0.0395843
46 134 0.00992737
46 136 0.0499199
46 137 -0.32298
46 138 -0.208728
46 141 0.00992737
46 142 0.0395843
46 145 0.0499199
46 146 -0.208728
46 155 0.0470289
46 160 0.0470289
46 174 -0.0199742
46 175 0.0123478
46 176 0.00472139
46 177 -0.00472139
46 179 0.0123478
47 1 0.0443955
47 4 0.0584465
47 5 -0.0744667
47 7 -0.166578
47 8 0.0237433
47 9 0.0365771
47 38 -0.222457
47 39 -0.111459
47 42 -0.0852098
47 43 0.146252
47 45 -0.200448
47 46 0.034828
47 47 1.16947
47 88 -0.257654
47 89 -0.143389
47 90 -0.158838
47 91 -0.0230768
47 92 0.0359492
47 117 -0.106086
48 10 -0.0506343
48 16 0.000820623
48 17 0.0253171
48 30 -0.084561
48 34 0.0229447
48 35 -0.130637
48 48 0.633077
48 49 0.0182582
48 50 0.0225286
48 51 -0.0496463
48 52 -0.152891
48 53 -0.115927
48 72 -0.119596
48 73 0.0895064
48 75 0.00613374
48 93 0.00711931
48 94 -0.0711793
48 95 -0.0506343
49 10 -0.0126506
49 11 -0.0963871
49 12 -0.0094172
49 16 -0.0620374
49 17 0.0240968
49 18 0.0240968
49 35 0.00634734
49 48 0.0182582
49 49 0.535635
49 50 -0.0216851
49 51 -0.0727412
49 52 -0.107382
49 53 -0.0518011
49 56 -0.111459
49 97 0.0186517
49 98 -0.0153424
49 99 -0.0718984
49 100 0.00571576
50 10 -0.082292
50 16 -0.00581175
50 17 0.0236759
50 35 -0.0113385
50 48 0.0225286
50 49 -0.0216851
50 50 0.265009
50 51 -0.0601851
50 52 -0.141634
50 53 0.0117325
51 10 0.0182582
51 16 0.00955567
51 17 -0.107968
51 35 -0.0937046
51 48 -0.0496463
51 49 -0.0727412
51 50 -0.0601851
51 51 0.543148
51 52 -0.0368053
51 53 0.023465
51 73 -0.0733151
51 75 0.0157615
51 93 -0.122388
51 95 0.00656498
52 10 0.0441486
52 11 -0.0681711
52 12 -0.072657
52 16 0.023127
52 17 -0.236579
52 18 0.0363285
52 35 0.0363706
52 46 -0.000296581
52 48 -0.152891
52 49 -0.107382
52 50 -0.141634
52 51 -0.0368053
52 52 1.30448
52 53 -0.156723
52 54 0.173362
52 55 -0.072657
52 56 -0.222457
52 73 -0.105117
52 75 0.0346383
52 87 -0.128606
52 93 -0.288202
52 95 0.106266
52 96 0.0314605
53 10 0.00780025
53 11 0.0172914
53 12 0.00754317
53 16 0.00669773
53 17 0.0328919
53 18 0.0150863
53 30 0.0207065
53 34 0.0690985
53 35 0.0239184
53 46 0.00994717
53 48 -0.115927
53 49 -0.0518011
53 50 0.0117325
53 51 0.023465
53 52 -0.156723
53 53 0.821934
53 54 0.0259371
53 55 0.00754317
53 56 -0.0852098
53 72 0.0536193
53 73 0.0121859
53 75 0.00462323
53 87 0.014987
53 93 -0.134384
53 94 -0.302443
53 95 0.0164459
53 96 -0.111483
53 97 -0.247103
53 98 0.0113297
53 99 0.0226594
53 100 0.0605034
53 108 0.0278991
53 109 0.0165098
53 118 0.0648402
53 119 -0.179161
53 120 0.0226594
53 126 0.0250804
53 129 0.046784
53 137 0.0173567
53 139 -0.2208
53 140 0.025029
53 141 0.0206013
53 142 -0.0388347
53 143 0.0488462
53 144 0.0282769
53 145 -0.0120822
53 146 0.00310483
53 160 0.0110161
54 6 0.0375
54 11 -0.276556
54 14 0.0333333
54 15 -0.183333
54 17 -0.0821833
54 18 0.0793727
54 44 -0.133333
54 46 -0.00904529
54 52 0.173362
54 53 0.0259371
54 54 1.41672
54 55 -0.292135
54 56 -0.200448
54 75 0.0465459
54 86 -0.166667
54 87 -0.314887
54 93 -0.206975
54 95 0.129977
54 96 -0.0771839
55 6 0.00416667
55 11 0.14795
55 14 -0.05
55 15 0.0333333
55 17 0.0222369
55 18 -0.277536
55 44 -0.0333333
55 46 -0.207054
55 52 -0.072657
55 53 0.00754317
55 54 -0.292135
55 55 0.791709
55 56 0.146252
55 96 -0.111273
55 97 -0.0528394
55 99 0.00760807
55 100 0.00992737
55 120 -0.0738971
56 10 -0.0744667
56 11 0.0584465
56 12 0.0443955
56 16 0.0237433
56 17 0.0365771
56 18 -0.166578
56 46 0.034828
56 49 -0.111459
56 52 -0.222457
56 53 -0.0852098
56 54 -0.200448
56 55 0.146252
56 56 1.16947
56 96 -0.257654
56 97 -0.158838
56 98 -0.143389
56 99 -0.0230768
56 100 0.0359492
56 120 -0.106086
57 41 0.00554655
57 57 0.542123
57 58 -0.1108
57 59 -0.0444884
57 60 -0.0268928
57 61 0.0243175
57 62 -0.0639832
57 63 -0.0812924
57 64 -0.0842997
57 65 0.025597
57 69 -0.0878924
57 70 0.00465102
57 71 0.0130186
57 101 -0.00969706
57 102 -0.063285
57 103 0.00664301
57 104 -0.0588938
57 105 0.00962798
58 40 -0.0471227
58 41 0.0253482
58 42 0.0342105
58 57 -0.1108
58 58 1.44436
58 59 0.00193436
58 60 -0.136761
58 61 -0.101263
58 62 -0.0190315
58 63 0.0277958
58 64 -0.314866
58 65 -0.284106
58 69 -0.0391852
58 70 -0.0879225
58 71 0.0308748
58 81 0.110662
58 82 -0.357718
58 101 -0.148465
58 106 -0.0121015
58 107 -0.0949255
58 109 0.00254032
58 115 -0.116347
58 116 0.19289
59 28 0.00743595
59 41 0.00740957
59 57 -0.0444884
59 58 0.00193436
59 59 0.575333
59 60 -0.0647719
59 61 -0.0484604
59 62 0.0243175
59 63 -0.131441
59 64 0.0133061
59 65 -0.154055
59 66 0.0242564
59 67 -0.0649855
59 68 -0.0485023
59 69 0.00237064
59 70 -0.044254
59 71 0.0132537
59 101 -0.0686583
60 41 -0.00687674
60 57 -0.0268928
60 58 -0.136761
60 59 -0.0647719
60 60 0.249205
60 61 0.00415278
60 62 -0.0492491
60 63 -0.00299604
60 64 0.0132918
60 65 0.0208985
61 40 -0.0772573
61 41 -0.0421809
61 42 0.0286527
61 57 0.0243175
61 58 -0.101263
61 59 -0.0484604
61 60 0.00415278
61 61 0.540038
61 62 -0.0559201
61 63 0.00166584
61 64 -0.0419764
61 65 0.0348072
61 81 -0.0545326
61 82 -0.212043
62 40 0.0927171
62 41 -0.193604
62 42 0.0109159
62 57 -0.0639832
62 58 -0.0190315
62 59 0.0243175
62 60 -0.0492491
62 61 -0.0559201
62 62 0.678018
62 63 0.00740957
62 64 0.0142169
62 65 -0.189728
62 75 0.00955567
62 78 0.00656498
62 81 -0.0316678
62 82 -0.119299
62 83 -0.0484919
62 84 -0.0727412
63 28 -0.00303205
63 41 -0.00303968
63 57 -0.0812924
63 58 0.0277958
63 59 -0.131441
63 60 -0.00299604
63 61 0.00166584
63 62 0.00740957
63 63 0.154477
63 64 0.0139752
63 65 0.0305114
63 66 0.00743595
63 67 -0.00302943
63 68 0.00165758
63 69 0.0277766
63 70 -0.0811004
63 71 0.0139078
63 101 0.0184879
63 102 0.00536289
63 103 0.00539246
63 104 -0.00909459
63 105 -0.000830377
64 40 0.00970989
64 41 0.00237893
64 42 0.0684513
64 57 -0.0842997
64 58 -0.314866
64 59 0.0133061
64 60 0.0132918
64 61 -0.0419764
64 62 0.0142169
64 63 0.0139752
64 64 0.754929
64 65 0.0597753
64 69 0.0318491
64 70 0.0130702
64 71 0.0457919
64 81 -0.307513
64 82 0.0861729
64 101 -0.273568
64 102 0.0231817
64 103 -0.0825909
64 104 0.0166812
64 105 0.0139257
64 106 0.0497708
64 107 0.0217816
64 109 -0.0129738
64 115 0.0505141
64 116 -0.124667
64 121 0.0921018
64 122 -0.280377
64 123 0.0148767
64 124 0.0603185
64 130 0.0242133
64 131 0.0285483
65 28 0.0148719
65 40 0.01555
65 41 0.0426543
65 42 -0.00657006
65 57 0.025597
65 58 -0.284106
65 59 -0.154055
65 60 0.0208985
65 61 0.0348072
65 62 -0.189728
65 63 0.0305114
65 64 0.0597753
65 65 0.935414
65 66 -0.0931181
65 67 0.020936
65 68 0.0242512
65 69 -0.440226
65 70 0.0256013
65 71 0.0835505
65 75 0.121647
65 76 0.131982
65 77 0.0181871
65 78 -0.551029
65 81 0.0182559
65 82 -0.0816218
65 83 0.0331642
65 84 0.0598065
65 101 0.0483581
65 106 -0.0769438
65 107 0.0429322
65 108 0.0645957
65 109 -0.0346353
65 115 0.00114952
65 116 0.037537
66 28 -0.0766443
66 59 0.0242564
66 63 0.00743595
66 65 -0.0931181
66 66 0.525272
66 67 -0.0494308
66 68 -0.0750341
66 69 -0.0402483
66 70 -0.0640571
66 71 0.0265359
66 75 0.0168152
66 76 -0.139091
66 77 -0.075952
66 78 0.0132606
67 28 -0.00691811
67 59 -0.0649855
67 63 -0.00302943
67 65 0.020936
67 66 -0.0494308
67 67 0.249375
67 68 0.004355
67 69 -0.136816
67 70 -0.0267545
67 71 0.0132679
68 24 -0.084876
68 27 0.0207428
68 28 -0.132596
68 59 -0.0485023
68 63 0.00165758
68 65 0.0242512
68 66 -0.0750341
68 67 0.004355
68 68 0.623823
68 69 -0.118975
68 70 0.0242564
68 71 -0.127579
68 75 0.00529819
68 76 0.013964
68 77 0.0817545
68 78 -0.0485023
68 79 -0.110794
68 110 -0.0532437
69 28 0.0320285
69 57 -0.0878924
69 58 -0.0391852
69 59 0.00237064
69 63 0.0277766
69 64 0.0318491
69 65 -0.440226
69 66 -0.0402483
69 67 -0.136816
69 68 -0.118975
69 69 1.66629
69 70 -0.110982
69 71 -0.352914
69 75 0.0385583
69 76 -0.484916
69 77 -0.088303
69 78 0.203435
69 101 -0.162095
69 106 0.148027
69 107 0.103627
69 108 -0.0929149
69 109 -0.00547688
69 116 -0.0930163
70 28 0.00554626
70 57 0.00465102
70 58 -0.0879225
70 59 -0.044254
70 63 -0.0811004
70 64 0.0130702
70 65 0.0256013
70 66 -0.0640571
70 67 -0.0267545
70 68 0.0242564
70 69 -0.110982
70 70 0.542032
70 71 -0.0840079
70 101 -0.0101655
70 102 0.00664301
70 103 -0.0634054
70 104 -0.0587798
70 105 0.00962852
71 24 0.0229589
71 27 0.0721415
71 28 0.0260281
71 57 0.0130186
71 58 0.0308748
71 59 0.0132537
71 63 0.0139078
71 64 0.0457919
71 65 0.0835505
71 66 0.0265359
71 67 0.0132679
71 68 -0.127579
71 69 -0.352914
71 70 -0.0840079
71 71 0.918617
71 75 -0.027252
71 76 -0.0360325
71 77 0.0127602
71 78 0.0262935
71 79 0.0593356
71 101 -0.231607
71 102 -0.21259
71 103 0.033005
71 104 0.0166522
71 105 0.0489055
71 106 0.0888551
71 107 -0.248727
71 108 -0.0078527
71 109 0.0234183
71 110 -0.308999
71 116 0.0508281
71 121 -0.0213064
71 122 0.0122962
71 123 0.0251588
71 124 -0.0244701
71 125 0.0576722
71 131 -0.007605
71 147 -0.21347
71 148 0.0403965
71 149 0.0399633
71 150 0.0441839
71 151 0.0247492
71 152 0.0199932
72 21 -0.156585
72 25 0.0601216
72 27 0.0273423
72 30 0.0138811
72 32 -0.242254
72 33 -0.139272
72 34 -0.142337
72 35 0.0274777
72 48 -0.119596
72 53 0.0536193
72 72 1.48552
72 73 -0.0847454
72 74 -0.183348
72 75 -0.0852553
72 79 -0.0679395
72 80 0.0332388
72 93 -0.372757
72 94 0.015461
72 108 0.00689099
72 109 0.0111428
72 118 0.162758
72 119 -0.166539
72 125 -0.136823
73 17 0.0207526
73 25 0.0181508
73 30 0.0817605
73 32 -0.0881261
73 33 -0.0759026
73 34 0.0127781
73 35 -0.093521
73 48 0.0895064
73 51 -0.0733151
73 52 -0.105117
73 53 0.0121859
73 72 -0.0847454
73 73 0.60915
73 74 -0.0537812
73 75 -0.068557
73 93 -0.0683936
73 94 -0.0622264
73 95 -0.0705988
74 21 0.123352
74 22 0.00656932
74 24 -0.050655
74 25 -0.249975
74 27 0.0102361
74 28 0.00956044
74 30 -0.0484604
74 32 0.121658
74 33 0.0133267
74 34 0.0149825
74 35 0.00740957
74 72 -0.183348
74 73 -0.0537812
74 74 0.737056
74 75 -0.191761
74 77 -0.0706396
74 79 -0.125892
74 80 -0.069639
75 3 0.0166667
75 6 1.96672e-11
75 9 0.0589809
75 14 0.0166667
75 17 0.0589809
75 21 0.0315086
75 22 0.0157671
75 24 0.0061346
75 25 0.0499434
75 27 0.00487489
75 28 0.01227
75 30 0.00528852
75 32 0.0277779
75 33 0.0168206
75 34 0.00598612
75 35 0.0122763
75 37 0.0157615
75 38 0.0346383
75 40 -0.00164125
75 41 -0.00164125
75 42 -0.000402375
75 44 1.96672e-11
75 45 0.0465459
75 46 0.0129628
75 48 0.00613374
75 51 0.0157615
75 52 0.0346383
75 53 0.00462323
75 54 0.0465459
75 62 0.00955567
75 65 0.121647
75 66 0.0168152
75 68 0.00529819
75 69 0.0385583
75 71 -0.027252
75 72 -0.0852553
75 73 -0.068557
75 74 -0.191761
75 75 1.06096
75 76 0.00460918
75 77 -0.068555
75 78 -0.47551
75 79 -0.0835756
75 80 0.00960589
75 82 0.046406
75 83 -0.0203934
75 84 -0.106952
75 85 -0.231574
75 86 -0.0333333
75 87 -0.157011
75 88 0.0122991
75 93 -0.0875004
75 94 0.00834468
75 95 -0.231574
75 96 0.0122991
75 106 0.120881
75 107 -0.00290231
75 108 -0.284976
75 109 0.0404037
75 110 0.0089407
75 115 0.0160542
75 118 0.0222661
75 119 0.0168381
75 125 0.017636
75 137 0.0133956
76 24 -0.119658
76 27 0.0556502
76 28 0.0274376
76 65 0.131982
76 66 -0.139091
76 68 0.013964
76 69 -0.484916
76 71 -0.0360325
76 75 0.00460918
76 76 1.7775
76 77 -0.0844657
76 78 -0.403245
76 79 -0.381213
76 106 -0.556531
76 107 0.200377
76 108 0.126194
76 109 0.0343698
76 110 0.0155464
76 125 -0.182477
77 21 -0.105138
77 22 -0.0733809
77 24 0.0894256
77 25 0.0207632
77 27 0.0121768
77 28 -0.0934919
77 65 0.0181871
77 66 -0.075952
77 68 0.0817545
77 69 -0.088303
77 71 0.0127602
77 74 -0.0706396
77 75 -0.068555
77 76 -0.0844657
77 77 0.609257
77 78 -0.0539897
77 79 -0.0683008
77 110 -0.0621078
78 28 0.00743595
78 40 -0.0506343
78 41 0.0157615
78 42 0.00716598
78 62 0.00656498
78 65 -0.551029
78 66 0.0132606
78 68 -0.0485023
78 69 0.203435
78 71 0.0262935
78 75 -0.47551
78 76 -0.403245
78 77 -0.0539897
78 78 1.40009
78 82 0.0672246
78 83 -0.145068
78 84 -0.0554681
78 106 0.0558985
78 107 -0.0672102
78 108 0.0979265
78 109 -0.00329174
78 115 -0.0471139
79 21 -0.239733
79 22 -0.122393
79 24 0.00727273
79 25 0.0510525
79 27 -0.135901
79 28 0.024518
79 32 -0.124612
79 34 0.0262471
79 68 -0.110794
79 71 0.0593356
79 72 -0.0679395
79 74 -0.125892
79 75 -0.0835756
79 76 -0.381213
79 77 -0.0683008
79 79 1.48282
79 80 0.0233348
79 107 -0.218361
79 108 -0.0315618
79 109 0.0193242
79 110 -0.00165868
79 118 -0.145748
79 125 0.163781
80 19 -0.069639
80 20 -0.0244842
80 21 -0.164431
80 25 0.0348195
80 26 0.0168412
80 27 -0.276558
80 29 0.0264845
80 32 -0.114125
80 34 -0.324853
80 72 0.0332388
80 74 -0.069639
80 75 0.00960589
80 79 0.0233348
80 80 1.55134
80 108 -0.102205
80 109 0.00512432
80 111 -0.134455
80 112 -0.109736
80 113 -0.151884
80 114 0.0416698
80 118 0.0416825
80 125 0.0619458
80 126 0.140815
80 127 -0.103962
80 128 -0.305657
80 129 0.0276432
80 140 -0.0629149
81 40 0.00786136
81 41 0.00652825
81 42 -0.285004
81 58 0.110662
81 61 -0.0545326
81 62 -0.0316678
81 64 -0.307513
81 65 0.0182559
81 81 0.906864
81 82 -0.205912
81 106 -0.0921532
81 109 0.00560397
81 115 0.021315
81 116 0.0593962
81 122 -0.0702874
81 124 0.0145185
81 130 -0.0481294
81 131 -0.0558056
82 40 -0.18156
82 41 0.059776
82 42 -0.0657176
82 58 -0.357718
82 61 -0.212043
82 62 -0.119299
82 64 0.0861729
82 65 -0.0816218
82 75 0.046406
82 78 0.0672246
82 81 -0.205912
82 82 1.54664
82 83 -0.20441
82 84 -0.294942
82 106 0.105418
82 108 -0.124745
82 109 0.00754496
82 115 0.187189
82 116 -0.258402
83 9 0.0207526
83 37 -0.0733151
83 38 -0.105117
83 40 0.107834
83 41 -0.0438584
83 42 0.023465
83 62 -0.0484919
83 65 0.0331642
83 75 -0.0203934
83 78 -0.145068
83 82 -0.20441
83 83 0.605924
83 84 -0.0798867
83 85 -0.0705988
84 9 0.0664361
84 37 -0.122388
84 38 -0.288202
84 40 0.01313
84 41 0.0218238
84 42 -0.0833356
84 45 -0.206975
84 46 0.0156506
84 62 -0.0727412
84 65 0.0598065
84 75 -0.106952
84 78 -0.0554681
84 82 -0.294942
84 83 -0.0798867
84 84 1.54483
84 85 -0.179669
84 87 0.047029
84 88 0.0495338
84 106 -0.294526
84 108 0.0226791
84 109 0.0297893
84 115 -0.00822881
84 137 -0.0773952
85 3 4.7084e-11
85 6 0.0166667
85 9 -0.287927
85 37 0.00656498
85 38 0.106266
85 40 -0.0506343
85 41 0.00955567
85 42 0.0164459
85 44 -0.0666667
85 45 0.129977
85 46 0.00498549
85 75 -0.231574
85 83 -0.0705988
85 84 -0.179669
85 85 0.853078
85 86 -0.133333
85 87 -0.0498224
85 88 -0.0733142
86 3 -0.1
86 6 -0.05
86 9 0.0333333
86 14 -0.1
86 17 0.0333333
86 44 0.133333
86 45 -0.166667
86 46 0.0166667
86 54 -0.166667
86 75 -0.0333333
86 85 -0.133333
86 86 0.666667
86 87 -7.99185e-10
86 95 -0.133333
87 3 -0.1
87 6 0.0166667
87 9 0.049443
87 14 -0.1
87 17 0.049443
87 38 -0.128606
87 42 0.014987
87 44 -1.57338e-10
87 45 -0.314887
87 46 -0.130371
87 52 -0.128606
87 53 0.014987
87 54 -0.314887
87 75 -0.157011
87 84 0.047029
87 85 -0.0498224
87 86 -7.99185e-10
87 87 1.57314
87 88 0.0404869
87 93 0.047029
87 95 -0.0498224
87 96 0.0404869
87 108 -0.201929
87 109 0.0381532
87 115 -0.138753
87 119 -0.138753
87 137 0.0215968
88 4 -0.101385
88 7 0.0495609
88 9 0.0183685
88 38 0.0314605
88 42 -0.111483
88 43 -0.111273
88 45 -0.0771839
88 46 -0.138434
88 47 -0.257654
88 75 0.0122991
88 84 0.0495338
88 85 -0.0733142
88 87 0.0404869
88 88 1.44229
88 90 0.0152161
88 91 -0.124418
88 92 0.0207574
88 108 -0.164296
88 109 0.0354099
88 115 -0.132164
88 117 -0.0679883
88 133 -0.208781
88 134 -0.0718984
88 136 0.0339435
88 137 0.0175868
88 138 0.0194035
88 155 -0.146046
89 1 -0.0849408
89 7 0.0245177
89 8 -0.00621545
89 39 -0.0153424
89 42 0.0113297
89 47 -0.143389
89 89 0.268127
89 90 0.0227755
89 91 -0.0658818
89 92 -0.0109802
90 1 -0.0528394
90 7 0.0264197
90 8 0.000951009
90 39 0.0186517
90 42 -0.247103
90 43 -0.0528394
90 46 -0.00190202
90 47 -0.158838
90 88 0.0152161
90 89 0.0227755
90 90 0.89513
90 91 -0.0525196
90 92 -0.288312
90 117 0.113287
90 124 0.00361821
90 130 0.054479
90 132 -0.0508643
90 133 -0.279541
90 134 0.111802
90 135 -0.0470332
90 136 0.0223009
90 138 -0.0528394
91 1 0.0186517
91 7 -0.112404
91 8 0.00992737
91 39 -0.0718984
91 42 0.0226594
91 43 0.00760807
91 46 0.0164923
91 47 -0.0230768
91 88 -0.124418
91 89 -0.0658818
91 90 -0.0525196
91 91 0.551471
91 92 -0.0955134
91 117 -0.0810979
92 1 0.00992737
92 7 0.0198547
92 8 -0.00233147
92 39 0.00571576
92 42 0.0605034
92 43 0.00992737
92 46 -0.00190202
92 47 0.0359492
92 88 0.0207574
92 89 -0.0109802
92 90 -0.288312
92 91 -0.0955134
92 92 0.380138
92 117 -0.043373
92 124 -0.0107956
92 130 0.0143655
92 132 -0.0272721
92 133 0.0905175
92 134 -0.280817
92 135 0.0318299
92 136 0.0633513
92 138 0.0164923
92 156 -0.0140071
92 157 0.00266782
92 158 0.0152749
92 159 -0.00196782
93 17 0.0664361
93 30 -0.110643
93 34 0.0581472
93 35 0.0245254
93 46 0.0156506
93 48 0.00711931
93 51 -0.122388
93 52 -0.288202
93 53 -0.134384
93 54 -0.206975
93 72 -0.372757
93 73 -0.0683936
93 75 -0.0875004
93 87 0.047029
93 93 1.51617
93 94 0.00782537
93 95 -0.179669
93 96 0.0495338
93 108 -0.0773053
93 109 0.0201388
93 118 -0.222192
93 119 0.135227
93 137 -0.0773952
94 30 -0.0532734
94 34 -0.295152
94 35 0.0155566
94 48 -0.0711793
94 53 -0.302443
94 72 0.015461
94 73 -0.0622264
94 75 0.00834468
94 93 0.00782537
94 94 0.911244
94 108 -0.0611962
94 109 0.00638724
94 118 -0.0252634
94 119 0.0656183
94 126 -0.0702874
94 129 0.0145185
94 139 -0.0481294
94 140 -0.0558056
95 6 0.0166667
95 14 -2.04422e-10
95 17 -0.287927
95 35 0.00955567
95 44 -0.0666667
95 46 0.00498549
95 48 -0.0506343
95 51 0.00656498
95 52 0.106266
95 53 0.0164459
95 54 0.129977
95 73 -0.0705988
95 75 -0.231574
95 86 -0.133333
95 87 -0.0498224
95 93 -0.179669
95 95 0.853078
95 96 -0.0733142
96 11 -0.101385
96 17 0.0183685
96 18 0.0495609
96 46 -0.138434
96 52 0.0314605
96 53 -0.111483
96 54 -0.0771839
96 55 -0.111273
96 56 -0.257654
96 75 0.0122991
96 87 0.0404869
96 93 0.0495338
96 95 -0.0733142
96 96 1.44229
96 97 0.0152161
96 99 -0.124418
96 100 0.0207574
96 108 -0.164296
96 109 0.0354099
96 119 -0.132164
96 120 -0.0679883
96 137 0.0175868
96 141 -0.0718984
96 142 -0.208781
96 145 0.0339435
96 146 0.0194035
96 160 -0.146046
97 12 -0.0528394
97 16 0.000951009
97 18 0.0264197
97 46 -0.00190202
97 49 0.0186517
97 53 -0.247103
97 55 -0.0528394
97 56 -0.158838
97 96 0.0152161
97 97 0.89513
97 98 0.0227755
97 99 -0.0525196
97 100 -0.288312
97 120 0.113287
97 129 0.00361821
97 139 0.054479
97 141 0.111802
97 142 -0.279541
97 143 -0.0508643
97 144 -0.0470332
97 145 0.0223009
97 146 -0.0528394
98 12 -0.0849408
98 16 -0.00621545
98 18 0.0245177
98 49 -0.0153424
98 53 0.0113297
98 56 -0.143389
98 97 0.0227755
98 98 0.268127
98 99 -0.0658818
98 100 -0.0109802
99 12 0.0186517
99 16 0.00992737
99 18 -0.112404
99 46 0.0164923
99 49 -0.0718984
99 53 0.0226594
99 55 0.00760807
99 56 -0.0230768
99 96 -0.124418
99 97 -0.0525196
99 98 -0.0658818
99 99 0.551471
99 100 -0.0955134
99 120 -0.0810979
100 12 0.00992737
100 16 -0.00233147
100 18 0.0198547
100 46 -0.00190202
100 49 0.00571576
100 53 0.0605034
100 55 0.00992737
100 56 0.0359492
100 96 0.0207574
100 97 -0.288312
100 98 -0.0109802
100 99 -0.0955134
100 100 0.380138
100 120 -0.043373
100 129 -0.0107956
100 139 0.0143655
100 141 -0.280817
100 142 0.0905175
100 143 -0.0272721
100 144 0.0318299
100 145 0.0633513
100 146 0.0164923
100 161 -0.0140071
100 162 0.0152749
100 163 0.00266782
100 164 -0.00196782
101 57 -0.00969706
101 58 -0.148465
101 59 -0.0686583
101 63 0.0184879
101 64 -0.273568
101 65 0.0483581
101 69 -0.162095
101 70 -0.0101655
101 71 -0.231607
101 101 1.47705
101 102 -0.111406
101 103 -0.119463
101 104 -0.133333
101 105 0.0376747
101 106 -0.201079
101 107 0.0797634
101 109 0.00713878
101 116 0.100043
101 121 -0.325546
101 122 0.151674
101 123 -0.0878939
101 124 0.0271798
101 131 -0.0643924
102 57 -0.063285
102 63 0.00536289
102 64 0.0231817
102 70 0.00664301
102 71 -0.21259
102 101 -0.111406
102 102 0.76357
102 103 -0.0510426
102 104 -0.0077127
102 105 -0.225195
102 121 -0.0633638
102 122 -0.0524474
102 123 0.106273
102 124 0.00666402
102 147 -0.000580603
102 148 -0.0704303
102 149 -0.0649736
102 150 0.011332
103 57 0.00664301
103 63 0.00539246
103 64 -0.0825909
103 70 -0.0634054
103 71 0.033005
103 101 -0.119463
103 102 -0.0510426
103 103 0.562514
103 104 -0.00794708
103 105 -0.0852032
103 121 -0.162149
103 122 -0.01563
103 123 -0.0381141
103 124 0.0179911
104 57 -0.0588938
104 63 -0.00909459
104 64 0.0166812
104 70 -0.0587798
104 71 0.0166522
104 101 -0.133333
104 102 -0.0077127
104 103 -0.00794708
104 104 0.260024
104 105 -0.0175957
105 57 0.00962798
105 63 -0.000830377
105 64 0.0139257
105 70 0.00962852
105 71 0.0489055
105 101 0.0376747
105 102 -0.225195
105 103 -0.0852032
105 104 -0.0175957
105 105 0.314981
105 121 0.0583985
105 122 0.0100491
105 123 -0.173617
105 124 0.0295701
105 147 0.0216819
105 148 0.02899
105 149 -0.0795725
105 150 0.00600159
105 165 0.0170395
105 166 -0.0487795
105 167 0.0168975
105 168 0.00742124
106 42 0.0265654
106 58 -0.0121015
106 64 0.0497708
106 65 -0.0769438
106 69 0.148027
106 71 0.0888551
106 75 0.120881
106 76 -0.556531
106 78 0.0558985
106 81 -0.0921532
106 82 0.105418
106 84 -0.294526
106 101 -0.201079
106 106 2.0115
106 107 -0.456678
106 108 -0.655415
106 109 0.067954
106 115 -0.0375231
106 116 -0.291916
107 27 0.0636549
107 58 -0.0949255
107 64 0.0217816
107 65 0.0429322
107 69 0.103627
107 71 -0.248727
107 75 -0.00290231
107 76 0.200377
107 78 -0.0672102
107 79 -0.218361
107 101 0.0797634
107 106 -0.456678
107 107 1.84554
107 108 0.120022
107 109 -0.145893
107 110 0.00296659
107 116 -0.192316
107 121 -0.090191
107 122 -0.0539016
107 124 0.0266416
107 125 -0.418878
107 131 0.0895039
107 147 -0.0940845
107 148 -0.265111
107 150 0.0551659
107 151 -0.129587
107 152 -0.173209
108 27 0.0207457
108 34 0.0182101
108 42 0.0220764
108 46 0.0465062
108 53 0.0278991
108 65 0.0645957
108 69 -0.0929149
108 71 -0.0078527
108 72 0.00689099
108 75 -0.284976
108 76 0.126194
108 78 0.0979265
108 79 -0.0315618
108 80 -0.102205
108 82 -0.124745
108 84 0.0226791
108 87 -0.201929
108 88 -0.164296
108 93 -0.0773053
108 94 -0.0611962
108 96 -0.164296
108 106 -0.655415
108 107 0.120022
108 108 1.86067
108 109 -0.230434
108 110 -0.0590683
108 115 0.00144516
108 118 -0.0620105
108 119 -0.0319913
108 125 -0.0561134
108 137 -0.0275537
109 27 0.0155375
109 34 -0.0172578
109 42 0.0248204
109 46 0.0581716
109 53 0.0165098
109 58 0.00254032
109 64 -0.0129738
109 65 -0.0346353
109 69 -0.00547688
109 71 0.0234183
109 72 0.0111428
109 75 0.0404037
109 76 0.0343698
109 78 -0.00329174
109 79 0.0193242
109 80 0.00512432
109 81 0.00560397
109 82 0.00754496
109 84 0.0297893
109 87 0.0381532
109 88 0.0354099
109 93 0.0201388
109 94 0.00638724
109 96 0.0354099
109 101 0.00713878
109 106 0.067954
109 107 -0.145893
109 108 -0.230434
109 109 2.12075
109 110 0.00521892
109 115 -0.159749
109 116 0.000264232
109 118 0.000195559
109 119 -0.126715
109 121 0.0414011
109 122 0.0104004
109 124 0.138334
109 125 -0.120399
109 126 0.0116657
109 128 0.0429423
109 129 0.142304
109 130 0.0178694
109 131 -0.575796
109 133 0.0138904
109 135 0.0572495
109 136 0.0469858
109 137 -0.276797
109 138 0.0162978
109 139 0.0178694
109 140 -0.591981
109 142 0.0138904
109 144 0.0572495
109 145 0.0469858
109 146 0.0162978
109 147 0.0164048
109 148 0.0914199
109 150 0.128467
109 151 0.0167147
109 152 -0.545923
109 153 0.0951017
109 155 -0.212605
109 157 0.01715
109 158 0.0123102
109 159 -0.026759
109 160 -0.212605
109 162 0.0123102
109 163 0.01715
109 164 -0.026759
109 165 0.0247205
109 167 0.0183122
109 168 -0.0260322
109 169 0.0264771
109 171 0.0194645
109 172 -0.0264525
109 173 0.0087842
109 174 0.0188856
109 175 0.0188856
109 176 -0.390615
109 177 0.0881303
109 178 0.0087842
109 179 0.0188856
109 180 -0.00749965
109 181 -0.0102118
109 182 0.00276445
109 183 0.0389179
109 184 -0.286564
109 185 0.0450164
109 186 0.0125091
109 187 0.0389179
109 188 0.00276445
109 189 -0.286983
109 190 0.0450996
109 191 0.0125091
109 192 0.00781202
109 193 0.00871925
109 194 0.0315725
109 195 -0.146702
109 196 0.0176021
109 261 0.00789577
109 262 0.00927945
109 263 0.0663397
109 264 0.0663397
109 265 0.0498186
109 266 0.030879
109 296 0.0310476
110 24 -0.0709719
110 27 -0.313919
110 28 0.0155269
110 68 -0.0532437
110 71 -0.308999
110 75 0.0089407
110 76 0.0155464
110 77 -0.0621078
110 79 -0.00165868
110 107 0.00296659
110 108 -0.0590683
110 109 0.00521892
110 110 0.943422
110 125 0.0554435
110 147 -0.0863648
110 150 0.0160997
